100 1708
1 2
1 3
1 6
1 10
1 12
1 16
1 18
1 20
1 22
1 23
1 26
1 31
1 34
1 35
1 39
1 41
1 43
1 47
1 49
1 50
1 56
1 57
1 61
1 71
1 77
1 78
1 80
1 98
4 0
4 2
4 6
4 9
4 10
4 12
4 18
4 20
4 21
4 23
4 26
4 31
4 34
4 35
4 39
4 42
4 43
4 46
4 49
4 50
4 53
4 54
4 58
4 68
4 71
4 77
4 78
4 80
4 86
4 88
4 91
4 98
5 0
5 2
5 3
5 6
5 9
5 10
5 12
5 16
5 18
5 21
5 22
5 23
5 34
5 35
5 39
5 41
5 42
5 46
5 47
5 54
5 56
5 58
5 64
5 77
5 80
5 86
5 88
7 0
7 2
7 3
7 6
7 9
7 12
7 21
7 23
7 26
7 31
7 34
7 35
7 39
7 41
7 47
7 53
7 54
7 56
7 57
7 58
7 68
7 74
7 77
7 78
7 80
7 86
7 88
7 91
7 98
8 0
8 2
8 3
8 6
8 9
8 12
8 16
8 20
8 21
8 22
8 26
8 31
8 34
8 35
8 39
8 42
8 43
8 46
8 49
8 50
8 56
8 57
8 64
8 68
8 71
8 74
8 80
8 86
8 87
8 88
8 91
8 98
11 2
11 9
11 10
11 16
11 18
11 22
11 23
11 31
11 34
11 35
11 42
11 43
11 49
11 53
11 56
11 58
11 61
11 64
11 68
11 71
11 77
11 78
11 87
11 88
11 98
13 2
13 3
13 10
13 12
13 18
13 21
13 22
13 23
13 26
13 34
13 35
13 43
13 46
13 47
13 49
13 50
13 53
13 56
13 58
13 61
13 64
13 74
13 77
13 86
13 87
13 98
14 0
14 2
14 3
14 6
14 10
14 12
14 16
14 18
14 20
14 21
14 22
14 23
14 26
14 31
14 34
14 42
14 43
14 46
14 47
14 49
14 53
14 54
14 56
14 57
14 61
14 64
14 68
14 71
14 77
14 78
14 80
14 87
14 88
14 91
14 98
15 0
15 2
15 6
15 9
15 10
15 12
15 16
15 20
15 21
15 22
15 23
15 31
15 34
15 35
15 39
15 41
15 43
15 46
15 47
15 50
15 53
15 54
15 56
15 57
15 58
15 61
15 68
15 71
15 74
15 78
15 87
15 88
15 91
15 98
17 2
17 10
17 16
17 18
17 20
17 22
17 23
17 26
17 31
17 34
17 35
17 39
17 41
17 42
17 43
17 47
17 49
17 50
17 54
17 58
17 61
17 64
17 74
17 78
17 80
17 86
17 87
17 91
19 2
19 6
19 16
19 18
19 21
19 22
19 31
19 34
19 35
19 39
19 41
19 42
19 43
19 46
19 47
19 50
19 54
19 56
19 57
19 61
19 74
19 78
19 86
19 91
19 98
24 0
24 2
24 6
24 10
24 21
24 26
24 31
24 35
24 39
24 41
24 42
24 47
24 49
24 50
24 53
24 56
24 58
24 64
24 68
24 71
24 77
24 80
24 86
24 87
24 88
24 98
25 0
25 2
25 3
25 6
25 9
25 12
25 16
25 18
25 21
25 22
25 23
25 31
25 34
25 35
25 39
25 42
25 46
25 49
25 50
25 53
25 57
25 58
25 61
25 68
25 71
25 80
25 86
25 88
25 91
25 98
27 2
27 3
27 6
27 9
27 12
27 16
27 21
27 22
27 23
27 26
27 34
27 39
27 41
27 42
27 43
27 46
27 47
27 49
27 50
27 56
27 61
27 68
27 74
27 78
27 80
27 87
27 91
28 3
28 6
28 9
28 10
28 12
28 20
28 21
28 23
28 34
28 35
28 39
28 41
28 42
28 43
28 47
28 50
28 53
28 57
28 58
28 61
28 68
28 74
28 77
28 78
28 80
28 87
28 88
28 91
28 98
29 0
29 2
29 6
29 9
29 16
29 18
29 20
29 22
29 23
29 26
29 34
29 41
29 43
29 46
29 50
29 53
29 54
29 56
29 58
29 61
29 64
29 68
29 74
29 77
29 80
29 86
29 88
29 98
30 0
30 2
30 3
30 6
30 10
30 12
30 16
30 18
30 20
30 21
30 22
30 23
30 31
30 35
30 39
30 41
30 42
30 43
30 47
30 50
30 54
30 56
30 58
30 61
30 64
30 68
30 71
30 74
30 77
30 78
30 80
30 86
30 87
30 88
30 98
32 0
32 3
32 10
32 18
32 20
32 21
32 23
32 26
32 31
32 34
32 39
32 41
32 42
32 43
32 46
32 47
32 49
32 53
32 56
32 58
32 61
32 64
32 68
32 71
32 77
32 78
32 80
32 87
32 88
32 91
32 98
33 0
33 2
33 6
33 9
33 10
33 12
33 16
33 18
33 20
33 21
33 22
33 23
33 26
33 31
33 34
33 35
33 39
33 42
33 43
33 46
33 49
33 53
33 54
33 56
33 61
33 68
33 71
33 74
33 77
33 78
33 80
33 88
36 0
36 2
36 3
36 6
36 9
36 18
36 21
36 22
36 23
36 31
36 34
36 35
36 39
36 41
36 42
36 50
36 54
36 57
36 68
36 77
36 78
36 80
36 86
36 87
36 88
37 0
37 2
37 6
37 9
37 12
37 20
37 21
37 22
37 26
37 31
37 34
37 35
37 39
37 41
37 42
37 43
37 46
37 47
37 49
37 50
37 53
37 54
37 56
37 58
37 61
37 68
37 71
37 74
37 77
37 78
37 80
37 86
37 87
37 91
38 0
38 3
38 6
38 16
38 18
38 21
38 22
38 23
38 26
38 34
38 41
38 43
38 47
38 49
38 50
38 53
38 54
38 56
38 57
38 58
38 61
38 74
38 77
38 78
38 80
38 88
38 98
40 0
40 2
40 3
40 6
40 10
40 16
40 18
40 20
40 21
40 22
40 26
40 34
40 35
40 39
40 41
40 43
40 46
40 47
40 54
40 56
40 61
40 68
40 71
40 74
40 77
40 78
40 80
40 87
40 88
40 91
40 98
44 0
44 2
44 3
44 6
44 9
44 10
44 16
44 18
44 20
44 22
44 23
44 26
44 31
44 34
44 35
44 39
44 41
44 42
44 46
44 47
44 49
44 50
44 53
44 54
44 56
44 57
44 68
44 71
44 80
44 87
44 88
44 98
45 0
45 3
45 6
45 10
45 12
45 16
45 18
45 20
45 21
45 22
45 23
45 26
45 31
45 39
45 41
45 42
45 46
45 50
45 53
45 56
45 57
45 58
45 68
45 71
45 74
45 77
45 78
45 86
45 88
48 0
48 3
48 9
48 10
48 18
48 20
48 21
48 22
48 23
48 26
48 31
48 35
48 39
48 41
48 42
48 46
48 47
48 49
48 50
48 53
48 54
48 56
48 58
48 61
48 64
48 68
48 71
48 74
48 78
48 80
48 86
48 87
48 88
48 91
48 98
51 0
51 3
51 6
51 9
51 10
51 12
51 16
51 20
51 22
51 23
51 31
51 35
51 39
51 41
51 43
51 46
51 49
51 50
51 53
51 56
51 57
51 61
51 64
51 74
51 77
51 78
51 80
51 88
51 98
52 2
52 3
52 6
52 9
52 10
52 12
52 16
52 23
52 26
52 34
52 39
52 41
52 42
52 43
52 47
52 49
52 53
52 54
52 56
52 58
52 61
52 71
52 74
52 77
52 78
52 80
52 88
55 0
55 2
55 9
55 10
55 12
55 16
55 18
55 21
55 22
55 31
55 34
55 35
55 39
55 41
55 43
55 47
55 49
55 50
55 53
55 54
55 56
55 58
55 64
55 68
55 71
55 74
55 77
55 78
55 80
55 86
55 88
55 91
55 98
59 0
59 2
59 3
59 6
59 9
59 10
59 12
59 18
59 20
59 22
59 23
59 26
59 31
59 34
59 35
59 39
59 41
59 42
59 43
59 46
59 47
59 49
59 50
59 53
59 54
59 56
59 58
59 61
59 64
59 68
59 78
59 80
59 86
59 87
60 0
60 2
60 3
60 6
60 9
60 10
60 16
60 18
60 21
60 22
60 23
60 31
60 35
60 39
60 46
60 47
60 49
60 50
60 53
60 54
60 56
60 57
60 58
60 61
60 71
60 74
60 77
60 78
60 80
60 86
60 88
60 98
62 0
62 2
62 3
62 9
62 16
62 18
62 20
62 21
62 22
62 23
62 31
62 35
62 39
62 41
62 42
62 43
62 46
62 47
62 49
62 50
62 54
62 56
62 57
62 61
62 64
62 68
62 71
62 74
62 77
62 78
62 86
62 87
62 88
62 91
62 98
63 0
63 2
63 3
63 6
63 9
63 10
63 12
63 18
63 20
63 21
63 22
63 23
63 26
63 31
63 34
63 35
63 39
63 41
63 43
63 46
63 49
63 50
63 54
63 56
63 57
63 58
63 61
63 68
63 71
63 74
63 77
63 78
63 86
63 87
63 91
65 0
65 2
65 3
65 9
65 10
65 12
65 16
65 18
65 21
65 22
65 23
65 26
65 31
65 34
65 41
65 42
65 43
65 46
65 47
65 50
65 54
65 56
65 57
65 58
65 61
65 68
65 71
65 74
65 77
65 78
65 80
65 87
65 88
65 98
66 0
66 3
66 6
66 10
66 12
66 16
66 18
66 22
66 23
66 31
66 34
66 41
66 42
66 43
66 46
66 47
66 49
66 50
66 53
66 54
66 56
66 61
66 64
66 74
66 77
66 78
66 80
66 88
66 91
66 98
67 0
67 2
67 3
67 6
67 9
67 12
67 16
67 20
67 22
67 23
67 31
67 35
67 41
67 42
67 46
67 49
67 50
67 53
67 54
67 57
67 58
67 64
67 68
67 77
67 78
67 80
67 86
67 87
67 88
67 91
67 98
69 0
69 2
69 3
69 9
69 10
69 12
69 16
69 18
69 21
69 23
69 26
69 39
69 41
69 42
69 43
69 46
69 47
69 49
69 50
69 53
69 54
69 56
69 58
69 71
69 74
69 77
69 78
69 87
69 88
69 98
70 0
70 2
70 3
70 9
70 10
70 12
70 16
70 18
70 20
70 22
70 23
70 31
70 34
70 35
70 39
70 41
70 42
70 43
70 46
70 47
70 49
70 54
70 57
70 64
70 68
70 71
70 74
70 77
70 78
70 80
70 88
70 91
70 98
72 0
72 2
72 3
72 9
72 12
72 18
72 21
72 23
72 26
72 31
72 46
72 49
72 50
72 53
72 54
72 56
72 57
72 61
72 64
72 68
72 71
72 78
72 98
73 0
73 2
73 3
73 10
73 16
73 18
73 20
73 21
73 22
73 23
73 31
73 34
73 35
73 39
73 42
73 43
73 46
73 47
73 49
73 50
73 54
73 57
73 58
73 61
73 64
73 68
73 71
73 74
73 78
73 86
73 87
73 88
73 91
73 98
75 2
75 3
75 6
75 12
75 16
75 20
75 21
75 22
75 26
75 31
75 39
75 41
75 47
75 50
75 53
75 54
75 56
75 57
75 58
75 61
75 74
75 77
75 78
75 88
75 91
75 98
76 2
76 6
76 9
76 10
76 20
76 21
76 22
76 26
76 34
76 35
76 39
76 41
76 42
76 46
76 47
76 49
76 50
76 53
76 54
76 56
76 57
76 58
76 61
76 64
76 68
76 71
76 77
76 78
76 80
76 86
76 87
76 91
76 98
79 0
79 3
79 6
79 9
79 12
79 16
79 18
79 20
79 21
79 23
79 26
79 31
79 35
79 39
79 41
79 42
79 43
79 46
79 49
79 50
79 53
79 54
79 57
79 58
79 61
79 64
79 68
79 78
79 80
79 87
79 88
79 98
81 2
81 6
81 9
81 10
81 12
81 16
81 18
81 21
81 22
81 26
81 35
81 39
81 41
81 42
81 43
81 46
81 50
81 53
81 58
81 64
81 68
81 74
81 77
81 78
81 80
81 86
81 87
81 88
81 91
81 98
82 0
82 2
82 6
82 16
82 18
82 21
82 34
82 35
82 41
82 42
82 43
82 46
82 47
82 49
82 50
82 54
82 57
82 61
82 64
82 71
82 74
82 77
82 78
82 80
82 86
82 87
82 88
82 91
82 98
83 0
83 2
83 3
83 6
83 9
83 10
83 12
83 16
83 18
83 21
83 22
83 23
83 26
83 31
83 35
83 41
83 42
83 43
83 46
83 47
83 49
83 50
83 53
83 54
83 56
83 58
83 61
83 64
83 68
83 71
83 74
83 77
83 86
83 98
84 0
84 6
84 9
84 10
84 12
84 20
84 22
84 23
84 31
84 35
84 42
84 43
84 47
84 49
84 50
84 56
84 57
84 58
84 61
84 64
84 68
84 74
84 77
84 78
84 80
84 86
84 91
84 98
85 0
85 2
85 3
85 6
85 9
85 22
85 23
85 31
85 34
85 35
85 39
85 41
85 42
85 43
85 50
85 53
85 57
85 68
85 71
85 78
85 80
85 86
85 98
89 3
89 9
89 12
89 18
89 21
89 22
89 23
89 35
89 41
89 49
89 50
89 54
89 56
89 57
89 61
89 64
89 68
89 71
89 74
89 78
89 88
89 91
89 98
90 0
90 2
90 3
90 9
90 10
90 12
90 16
90 18
90 20
90 22
90 23
90 34
90 35
90 39
90 41
90 42
90 47
90 54
90 57
90 58
90 61
90 64
90 71
90 77
90 80
90 86
90 88
90 91
90 98
92 0
92 2
92 3
92 9
92 18
92 20
92 22
92 23
92 26
92 31
92 34
92 35
92 39
92 41
92 42
92 43
92 46
92 47
92 49
92 50
92 53
92 54
92 56
92 61
92 68
92 74
92 77
92 80
92 86
92 88
92 91
93 2
93 6
93 10
93 12
93 16
93 18
93 21
93 22
93 23
93 34
93 35
93 41
93 42
93 46
93 47
93 50
93 53
93 54
93 56
93 57
93 61
93 64
93 68
93 77
93 80
93 86
93 87
93 88
93 91
93 98
94 0
94 2
94 3
94 6
94 9
94 16
94 18
94 20
94 21
94 22
94 23
94 31
94 34
94 39
94 41
94 42
94 43
94 46
94 47
94 49
94 50
94 53
94 54
94 57
94 61
94 64
94 68
94 71
94 74
94 77
94 80
94 86
94 87
94 88
94 98
95 0
95 2
95 3
95 10
95 18
95 20
95 22
95 23
95 26
95 31
95 34
95 35
95 39
95 46
95 49
95 50
95 56
95 57
95 61
95 64
95 71
95 74
95 86
95 87
95 91
95 98
96 0
96 6
96 9
96 10
96 12
96 16
96 18
96 20
96 22
96 23
96 26
96 34
96 39
96 42
96 43
96 49
96 50
96 53
96 56
96 57
96 58
96 61
96 64
96 71
96 77
96 78
96 80
96 86
96 87
96 88
96 98
97 0
97 3
97 6
97 12
97 16
97 18
97 20
97 21
97 26
97 31
97 34
97 35
97 42
97 43
97 53
97 54
97 56
97 57
97 58
97 61
97 64
97 71
97 78
97 80
97 86
97 87
97 91
97 98
99 0
99 2
99 6
99 9
99 10
99 12
99 16
99 20
99 26
99 31
99 35
99 39
99 41
99 42
99 47
99 53
99 54
99 56
99 57
99 61
99 64
99 68
99 77
99 78
99 80
99 87
99 91
99 98
