The size of independent set:557
0
1
2
4
5
6
7
8
10
12
13
15
17
18
20
26
27
29
30
31
34
35
37
40
41
43
44
46
49
50
51
53
57
58
60
62
68
69
70
71
72
74
75
77
79
81
83
84
85
87
88
89
90
91
94
96
98
99
102
104
105
106
108
109
112
113
116
122
124
128
129
130
131
134
135
137
138
139
140
141
143
144
145
148
150
155
156
163
165
167
168
170
171
172
173
174
176
177
178
179
180
183
186
188
189
191
193
194
196
199
200
201
203
204
205
206
213
216
217
220
227
230
231
233
234
236
237
238
241
242
245
248
249
251
252
255
256
257
260
261
263
264
270
271
272
274
276
277
280
281
282
283
284
285
286
287
289
290
292
294
295
297
298
300
301
302
305
307
308
310
315
316
317
318
319
321
322
323
324
325
326
328
330
331
333
336
339
343
349
351
352
353
354
355
357
358
359
361
362
366
367
368
369
370
372
373
376
377
380
382
383
385
388
391
392
393
395
397
400
401
404
408
409
410
412
413
415
417
418
419
421
423
424
425
426
427
428
431
435
439
440
442
443
444
445
446
448
450
452
453
454
457
459
461
462
464
466
467
468
470
471
473
474
476
478
480
481
482
483
486
487
491
492
493
495
497
499
500
501
502
505
506
507
508
512
513
515
517
520
521
522
525
527
528
529
531
532
533
534
536
537
538
541
542
545
550
551
552
553
557
560
562
563
564
567
571
573
575
580
584
587
589
595
599
600
601
602
603
604
606
607
608
611
615
616
617
619
623
624
626
630
631
632
633
634
635
638
639
640
643
645
646
647
651
652
653
655
658
660
661
662
663
665
667
668
669
670
671
672
673
675
676
677
680
681
682
685
689
691
693
695
697
699
700
702
705
708
709
710
711
712
714
715
716
717
720
722
724
725
727
728
731
732
733
736
737
739
740
743
744
748
750
754
757
758
760
764
765
766
767
768
770
771
773
774
775
776
777
779
780
781
783
784
788
789
793
794
795
796
797
798
799
801
803
806
807
808
809
812
816
820
824
825
826
827
828
830
832
833
835
836
837
840
841
843
844
845
847
848
849
850
855
858
859
860
861
862
864
865
866
868
870
872
874
876
877
878
879
880
881
882
883
884
886
887
889
891
893
898
902
903
905
907
909
910
911
912
914
916
917
920
923
925
927
929
930
931
932
933
934
937
938
940
942
943
944
945
948
950
953
954
957
958
959
960
961
962
963
964
965
968
969
970
972
973
976
978
979
984
985
987
988
989
991
995
996
998
