The size of independent set:5875
0
1
4
5
6
7
8
9
10
11
12
14
15
16
18
21
22
23
26
27
29
30
34
35
36
38
40
43
45
46
47
48
49
50
51
52
54
55
57
58
61
62
64
68
69
70
71
72
74
76
82
84
86
88
89
90
91
93
98
99
100
102
103
104
110
111
118
119
120
122
124
125
126
127
128
130
131
132
135
136
141
142
146
147
149
150
155
158
159
163
165
167
169
170
171
174
175
176
178
179
180
181
182
183
186
193
194
195
197
198
199
200
201
202
203
206
209
210
211
212
215
216
224
225
227
229
230
232
235
236
237
238
242
243
244
245
247
249
250
251
253
254
255
256
258
261
262
264
266
268
269
270
272
273
275
276
278
279
280
281
285
286
287
290
293
296
299
300
309
311
312
317
320
322
323
324
325
326
329
330
332
333
334
335
337
340
342
349
351
353
354
356
359
360
362
366
368
371
372
378
379
380
381
394
400
401
404
406
407
408
410
416
422
423
425
426
429
435
436
438
440
442
443
448
449
451
456
457
458
459
460
461
466
467
472
473
475
482
484
485
487
493
494
495
498
501
504
509
510
513
515
516
520
522
527
529
530
531
532
534
535
538
543
544
545
547
549
551
552
555
558
562
565
567
568
570
572
573
574
579
580
581
583
585
587
588
590
591
592
593
595
598
599
600
601
603
605
607
616
618
621
623
624
632
635
639
642
643
645
649
651
653
655
664
665
667
668
673
675
677
678
682
688
691
693
698
700
701
702
704
705
708
710
713
716
717
718
719
720
723
726
727
728
729
730
734
737
739
740
741
742
744
746
750
751
752
755
758
759
762
769
776
778
779
780
781
786
790
791
795
796
797
798
799
800
801
804
805
807
811
812
816
817
820
824
825
826
829
838
839
840
842
843
846
847
849
851
854
856
858
861
863
865
867
868
869
872
874
875
876
877
878
880
881
882
883
885
892
898
903
906
910
913
914
915
916
917
918
920
921
922
923
924
928
929
932
938
944
947
948
950
951
953
954
956
957
960
962
963
964
965
966
968
971
977
978
982
987
992
994
996
999
1000
1001
1003
1004
1005
1006
1013
1015
1021
1023
1029
1032
1033
1034
1036
1037
1038
1042
1043
1049
1050
1052
1054
1055
1057
1062
1064
1065
1066
1067
1068
1070
1073
1078
1081
1082
1083
1084
1086
1089
1090
1092
1093
1094
1095
1097
1099
1100
1105
1106
1107
1108
1111
1113
1114
1115
1117
1120
1123
1124
1125
1126
1127
1129
1130
1133
1135
1137
1138
1139
1141
1144
1145
1146
1147
1149
1151
1154
1155
1160
1161
1164
1167
1168
1169
1170
1172
1175
1177
1178
1181
1183
1184
1186
1188
1189
1190
1191
1192
1194
1199
1200
1204
1206
1209
1212
1214
1220
1221
1223
1224
1226
1227
1234
1235
1240
1245
1249
1255
1257
1266
1269
1270
1271
1272
1276
1277
1278
1283
1286
1287
1289
1295
1297
1298
1299
1305
1306
1307
1308
1309
1310
1312
1313
1315
1316
1321
1323
1324
1325
1328
1329
1332
1333
1336
1337
1338
1343
1348
1350
1353
1356
1358
1360
1362
1364
1365
1367
1368
1371
1375
1377
1380
1383
1384
1386
1388
1391
1399
1400
1401
1403
1406
1411
1412
1413
1414
1415
1418
1421
1422
1425
1426
1427
1432
1433
1435
1436
1439
1440
1441
1442
1444
1445
1447
1448
1451
1455
1456
1457
1460
1463
1466
1467
1472
1473
1474
1476
1477
1479
1480
1483
1484
1489
1493
1494
1497
1498
1499
1500
1501
1502
1504
1507
1509
1510
1511
1513
1516
1519
1521
1522
1525
1527
1528
1532
1533
1535
1545
1549
1555
1556
1558
1559
1561
1562
1568
1576
1580
1582
1583
1584
1588
1592
1595
1600
1602
1607
1609
1611
1616
1617
1619
1620
1624
1628
1630
1632
1647
1649
1651
1653
1654
1658
1659
1661
1664
1666
1670
1672
1675
1677
1678
1679
1682
1690
1693
1695
1696
1697
1698
1699
1700
1702
1704
1712
1713
1714
1719
1724
1728
1729
1730
1731
1734
1735
1738
1746
1748
1752
1755
1758
1760
1761
1762
1763
1768
1774
1775
1778
1779
1781
1782
1783
1784
1785
1788
1793
1795
1797
1799
1800
1801
1806
1807
1810
1811
1812
1815
1816
1817
1820
1823
1825
1830
1834
1835
1838
1842
1844
1846
1848
1849
1850
1856
1857
1858
1860
1867
1869
1872
1875
1877
1878
1880
1881
1883
1884
1885
1886
1887
1888
1892
1896
1897
1899
1901
1903
1904
1906
1907
1910
1911
1912
1921
1926
1927
1928
1935
1936
1939
1940
1943
1945
1947
1948
1949
1951
1952
1955
1956
1958
1962
1971
1972
1974
1976
1977
1978
1980
1982
1984
1986
1991
1994
1995
1999
2001
2003
2004
2005
2008
2010
2013
2015
2017
2019
2020
2021
2022
2023
2024
2026
2030
2031
2033
2034
2036
2037
2039
2042
2046
2047
2049
2050
2051
2052
2055
2056
2057
2058
2066
2068
2069
2075
2076
2077
2080
2083
2084
2085
2089
2093
2094
2095
2097
2100
2103
2108
2113
2118
2119
2121
2123
2124
2126
2128
2129
2130
2132
2135
2147
2156
2157
2162
2163
2167
2169
2176
2177
2178
2181
2182
2187
2188
2190
2192
2197
2198
2199
2200
2203
2205
2208
2210
2211
2213
2214
2215
2217
2218
2220
2222
2224
2225
2226
2227
2228
2235
2236
2237
2238
2239
2243
2244
2245
2246
2253
2254
2255
2257
2258
2260
2262
2264
2267
2271
2272
2274
2279
2280
2282
2285
2288
2290
2294
2295
2296
2301
2305
2309
2310
2311
2313
2315
2316
2317
2323
2324
2330
2333
2335
2336
2337
2338
2342
2343
2351
2353
2357
2361
2362
2363
2365
2367
2368
2369
2371
2373
2374
2378
2382
2383
2386
2390
2392
2393
2395
2399
2404
2411
2414
2415
2416
2417
2418
2419
2427
2428
2429
2432
2434
2435
2436
2437
2439
2440
2444
2447
2448
2452
2453
2454
2455
2469
2473
2474
2475
2476
2480
2481
2482
2483
2487
2489
2491
2492
2496
2497
2502
2503
2504
2505
2506
2509
2512
2513
2514
2515
2517
2518
2519
2520
2526
2528
2529
2530
2531
2534
2538
2539
2540
2541
2544
2545
2546
2549
2553
2557
2559
2563
2566
2567
2568
2570
2572
2584
2585
2590
2591
2593
2595
2599
2602
2603
2605
2606
2607
2608
2610
2613
2615
2617
2619
2627
2630
2631
2634
2635
2638
2640
2642
2643
2644
2646
2648
2649
2650
2652
2653
2654
2656
2661
2662
2665
2666
2669
2671
2672
2674
2675
2676
2677
2678
2679
2685
2687
2689
2691
2696
2700
2712
2714
2715
2719
2721
2722
2723
2724
2729
2731
2735
2736
2737
2738
2740
2743
2744
2745
2751
2752
2758
2759
2760
2761
2763
2764
2766
2767
2768
2774
2775
2777
2778
2780
2783
2784
2786
2787
2789
2791
2794
2797
2799
2801
2809
2812
2819
2822
2823
2826
2829
2830
2832
2833
2838
2839
2840
2841
2844
2845
2846
2847
2848
2850
2851
2854
2857
2862
2864
2866
2868
2869
2870
2881
2882
2886
2887
2889
2890
2891
2892
2894
2895
2896
2898
2899
2900
2902
2903
2910
2911
2914
2918
2919
2920
2923
2926
2927
2930
2932
2933
2934
2936
2941
2943
2944
2945
2948
2949
2950
2951
2952
2954
2955
2956
2957
2961
2962
2966
2971
2978
2979
2980
2982
2986
2988
2989
2993
2994
2996
2997
3000
3003
3004
3005
3008
3009
3011
3012
3013
3015
3018
3021
3023
3024
3026
3028
3029
3031
3034
3036
3038
3041
3042
3043
3045
3046
3047
3050
3056
3057
3060
3061
3062
3064
3065
3068
3071
3073
3075
3076
3079
3080
3081
3082
3092
3094
3095
3097
3100
3101
3102
3106
3107
3110
3113
3114
3117
3118
3122
3126
3131
3133
3135
3137
3143
3147
3149
3151
3155
3157
3158
3159
3160
3161
3163
3165
3167
3168
3171
3176
3177
3178
3180
3181
3185
3186
3188
3193
3195
3201
3202
3204
3206
3207
3209
3210
3211
3212
3213
3214
3218
3220
3221
3225
3234
3235
3242
3243
3246
3251
3253
3254
3255
3256
3258
3261
3262
3264
3265
3268
3271
3272
3273
3274
3275
3278
3280
3289
3290
3291
3292
3293
3297
3298
3303
3304
3306
3307
3316
3317
3319
3320
3322
3325
3326
3329
3330
3331
3332
3334
3342
3346
3347
3348
3351
3355
3361
3364
3365
3369
3375
3377
3381
3383
3385
3387
3388
3390
3393
3394
3395
3396
3397
3399
3401
3402
3405
3406
3408
3410
3412
3421
3423
3424
3425
3426
3428
3431
3432
3433
3434
3435
3437
3438
3439
3445
3447
3450
3451
3452
3454
3455
3461
3462
3464
3469
3471
3473
3475
3476
3477
3478
3479
3480
3481
3485
3489
3493
3496
3499
3501
3502
3506
3507
3508
3509
3510
3511
3518
3519
3520
3521
3523
3526
3528
3530
3532
3535
3539
3542
3543
3547
3548
3549
3552
3554
3556
3559
3560
3563
3564
3569
3575
3577
3579
3581
3582
3584
3586
3587
3588
3589
3590
3592
3595
3596
3598
3599
3606
3609
3612
3614
3615
3625
3628
3629
3630
3637
3638
3639
3640
3641
3647
3649
3653
3657
3659
3665
3666
3667
3670
3672
3673
3674
3675
3676
3677
3678
3679
3681
3699
3701
3704
3709
3710
3711
3715
3716
3718
3722
3724
3731
3733
3734
3735
3736
3737
3742
3745
3747
3748
3749
3751
3755
3756
3759
3762
3763
3764
3766
3767
3769
3770
3773
3775
3776
3786
3788
3789
3791
3794
3796
3797
3798
3799
3800
3803
3806
3807
3809
3810
3818
3822
3824
3825
3829
3830
3832
3833
3834
3836
3838
3839
3841
3842
3845
3853
3858
3860
3861
3864
3867
3868
3870
3874
3875
3876
3877
3879
3881
3883
3887
3888
3889
3893
3896
3901
3903
3904
3905
3909
3911
3913
3917
3918
3921
3925
3926
3927
3930
3931
3937
3938
3939
3948
3949
3950
3954
3955
3956
3958
3961
3964
3966
3967
3968
3973
3975
3976
3977
3979
3982
3985
3987
3988
3991
3992
3995
3997
3998
3999
4003
4005
4006
4011
4012
4016
4017
4019
4020
4021
4023
4024
4026
4029
4030
4032
4034
4035
4037
4040
4042
4048
4049
4053
4056
4061
4062
4063
4064
4065
4067
4069
4070
4072
4076
4078
4082
4084
4085
4088
4090
4092
4093
4094
4100
4105
4107
4108
4111
4112
4114
4115
4117
4119
4123
4128
4131
4132
4133
4134
4137
4140
4146
4150
4151
4154
4155
4157
4163
4164
4165
4167
4168
4169
4171
4173
4174
4176
4179
4180
4182
4186
4187
4189
4190
4195
4199
4201
4208
4214
4216
4217
4219
4220
4221
4224
4225
4229
4231
4233
4234
4235
4238
4240
4242
4245
4246
4252
4260
4262
4268
4269
4271
4273
4274
4277
4278
4279
4292
4293
4295
4298
4299
4305
4314
4315
4321
4323
4324
4325
4326
4331
4332
4335
4337
4338
4339
4344
4346
4348
4352
4353
4354
4355
4357
4360
4365
4366
4368
4370
4373
4375
4376
4379
4380
4382
4383
4389
4390
4391
4393
4396
4401
4407
4408
4409
4412
4418
4419
4424
4426
4427
4428
4432
4434
4436
4437
4441
4443
4445
4449
4450
4451
4453
4454
4457
4458
4459
4462
4463
4466
4467
4468
4471
4472
4474
4476
4477
4478
4481
4482
4483
4485
4487
4491
4492
4494
4496
4499
4501
4502
4507
4508
4509
4512
4513
4514
4515
4516
4518
4519
4523
4528
4530
4532
4536
4537
4538
4547
4548
4551
4553
4555
4556
4557
4558
4559
4560
4561
4567
4568
4569
4572
4575
4576
4577
4579
4581
4582
4584
4585
4587
4589
4590
4591
4593
4595
4597
4600
4603
4610
4613
4617
4618
4622
4624
4628
4629
4630
4631
4633
4635
4637
4640
4642
4643
4644
4647
4648
4652
4653
4655
4658
4665
4666
4668
4669
4673
4676
4677
4679
4682
4685
4687
4688
4689
4690
4691
4692
4694
4699
4703
4705
4707
4708
4710
4711
4713
4714
4716
4720
4722
4724
4725
4726
4728
4729
4730
4732
4735
4738
4745
4750
4752
4757
4758
4763
4764
4766
4767
4768
4769
4775
4778
4781
4782
4786
4787
4796
4797
4798
4800
4803
4806
4809
4811
4814
4817
4818
4820
4821
4822
4823
4827
4828
4830
4832
4834
4836
4837
4838
4839
4840
4841
4843
4844
4848
4849
4856
4859
4860
4862
4863
4865
4866
4874
4876
4877
4879
4883
4885
4886
4891
4892
4894
4895
4896
4898
4899
4900
4902
4903
4904
4905
4908
4913
4917
4918
4923
4924
4925
4926
4927
4929
4930
4932
4934
4938
4939
4940
4942
4944
4946
4949
4950
4952
4953
4954
4956
4958
4961
4962
4963
4965
4971
4972
4974
4976
4977
4978
4981
4983
4984
4987
4990
4991
4994
4995
4996
5000
5001
5004
5005
5007
5009
5010
5012
5014
5016
5017
5018
5019
5022
5024
5026
5027
5030
5031
5032
5035
5039
5042
5048
5050
5051
5053
5064
5065
5067
5069
5072
5074
5076
5077
5078
5079
5080
5082
5084
5085
5092
5094
5095
5097
5098
5099
5102
5103
5106
5107
5108
5109
5110
5111
5113
5114
5116
5117
5122
5124
5125
5126
5131
5132
5133
5134
5135
5142
5143
5144
5145
5146
5148
5152
5154
5156
5158
5160
5162
5164
5166
5167
5170
5172
5175
5176
5178
5182
5193
5195
5196
5197
5198
5200
5201
5206
5209
5210
5211
5212
5216
5217
5219
5220
5222
5223
5225
5226
5230
5231
5232
5234
5235
5237
5238
5239
5244
5248
5250
5251
5254
5256
5257
5258
5261
5263
5266
5267
5270
5271
5272
5275
5276
5277
5278
5280
5283
5285
5287
5289
5290
5291
5292
5293
5294
5299
5304
5305
5308
5310
5311
5315
5316
5320
5322
5325
5326
5328
5329
5332
5337
5338
5339
5340
5343
5348
5350
5351
5357
5359
5363
5364
5367
5369
5371
5373
5374
5379
5380
5381
5382
5383
5384
5391
5393
5394
5395
5398
5401
5403
5404
5405
5407
5408
5411
5415
5416
5417
5420
5421
5425
5426
5427
5428
5429
5434
5436
5439
5442
5443
5444
5445
5446
5449
5451
5452
5453
5455
5460
5461
5463
5464
5466
5469
5472
5475
5476
5478
5481
5485
5488
5490
5491
5492
5494
5495
5496
5497
5500
5501
5505
5506
5508
5509
5515
5517
5519
5522
5523
5524
5528
5529
5531
5535
5536
5537
5538
5540
5541
5543
5544
5546
5547
5553
5554
5555
5556
5559
5560
5562
5566
5568
5572
5574
5575
5577
5578
5582
5584
5585
5590
5597
5598
5600
5601
5604
5607
5609
5610
5611
5613
5614
5615
5616
5618
5619
5621
5622
5624
5625
5626
5628
5631
5632
5634
5635
5636
5638
5639
5640
5641
5643
5645
5650
5651
5653
5654
5657
5658
5661
5662
5663
5666
5668
5671
5673
5674
5675
5676
5677
5678
5679
5680
5681
5683
5684
5686
5687
5688
5693
5694
5695
5696
5698
5699
5702
5704
5706
5707
5710
5711
5712
5714
5716
5718
5722
5723
5724
5726
5728
5729
5739
5740
5741
5742
5743
5744
5745
5746
5747
5750
5751
5752
5755
5756
5762
5763
5764
5765
5766
5768
5769
5770
5772
5778
5779
5780
5782
5783
5785
5786
5787
5793
5795
5797
5798
5799
5805
5807
5808
5811
5813
5814
5815
5816
5818
5819
5820
5828
5832
5836
5840
5841
5843
5845
5849
5850
5851
5856
5858
5859
5860
5861
5862
5864
5867
5868
5869
5872
5876
5880
5883
5887
5888
5890
5891
5892
5894
5896
5901
5902
5905
5908
5911
5912
5914
5916
5917
5918
5919
5921
5922
5925
5927
5930
5936
5938
5939
5941
5942
5949
5950
5952
5953
5959
5960
5961
5964
5965
5967
5974
5977
5980
5981
5982
5983
5984
5985
5986
5987
5989
5990
5993
5994
5995
6001
6004
6005
6011
6012
6013
6015
6017
6019
6023
6031
6032
6036
6037
6039
6041
6043
6045
6046
6050
6055
6057
6062
6065
6066
6068
6069
6070
6071
6073
6076
6078
6082
6083
6087
6088
6089
6090
6095
6096
6097
6098
6099
6100
6101
6103
6109
6110
6111
6115
6116
6117
6118
6120
6121
6124
6125
6126
6127
6128
6129
6132
6133
6137
6138
6141
6142
6143
6144
6151
6156
6157
6158
6159
6161
6164
6168
6170
6171
6172
6177
6178
6182
6184
6185
6186
6188
6190
6195
6196
6197
6200
6201
6203
6204
6205
6207
6208
6212
6214
6215
6216
6221
6223
6226
6228
6229
6232
6235
6238
6240
6246
6247
6249
6251
6254
6257
6259
6260
6266
6267
6269
6271
6274
6280
6284
6289
6291
6292
6294
6300
6303
6304
6307
6309
6314
6321
6324
6327
6328
6329
6330
6331
6334
6336
6339
6347
6348
6349
6350
6353
6354
6357
6363
6364
6365
6367
6368
6369
6373
6374
6375
6380
6381
6382
6383
6392
6396
6397
6401
6402
6406
6408
6412
6417
6418
6421
6431
6434
6436
6437
6450
6451
6454
6455
6457
6458
6459
6463
6466
6467
6469
6470
6471
6472
6478
6481
6484
6486
6487
6488
6489
6494
6498
6501
6503
6507
6508
6511
6513
6515
6524
6527
6529
6531
6533
6534
6540
6545
6546
6550
6554
6555
6557
6558
6559
6563
6564
6567
6570
6575
6577
6580
6583
6584
6585
6586
6591
6594
6598
6599
6601
6602
6603
6604
6605
6606
6607
6614
6615
6621
6624
6625
6628
6631
6632
6633
6636
6638
6641
6644
6645
6648
6653
6654
6655
6660
6662
6663
6664
6667
6670
6671
6672
6673
6678
6680
6683
6687
6688
6693
6694
6697
6703
6704
6707
6710
6711
6715
6717
6718
6720
6721
6723
6724
6725
6726
6728
6730
6731
6733
6737
6738
6744
6746
6747
6748
6749
6750
6752
6754
6755
6758
6759
6760
6761
6764
6765
6767
6770
6771
6772
6773
6774
6777
6784
6786
6787
6789
6790
6791
6793
6794
6799
6801
6803
6804
6806
6809
6813
6815
6818
6819
6820
6825
6826
6829
6831
6832
6833
6834
6835
6836
6838
6839
6843
6845
6847
6849
6854
6860
6861
6865
6867
6872
6874
6878
6880
6882
6885
6887
6889
6890
6892
6895
6896
6898
6899
6907
6911
6913
6914
6916
6921
6923
6924
6925
6927
6931
6932
6933
6936
6940
6942
6943
6946
6949
6951
6952
6956
6957
6962
6965
6967
6970
6971
6972
6975
6976
6977
6978
6981
6982
6983
6985
6986
6987
6988
6990
6994
6995
6997
6999
7002
7005
7006
7008
7009
7010
7012
7014
7018
7026
7027
7031
7034
7036
7039
7045
7050
7051
7061
7063
7069
7072
7074
7075
7076
7077
7078
7079
7080
7081
7082
7083
7084
7085
7086
7087
7088
7089
7090
7091
7092
7093
7094
7095
7096
7097
7098
7099
7100
7102
7103
7104
7105
7106
7107
7108
7110
7111
7112
7113
7115
7116
7118
7119
7120
7121
7122
7124
7125
7128
7129
7130
7131
7132
7133
7134
7135
7136
7137
7138
7139
7140
7141
7142
7143
7144
7145
7146
7147
7148
7149
7150
7151
7152
7153
7154
7155
7156
7157
7159
7160
7161
7162
7163
7164
7165
7166
7167
7168
7169
7170
7171
7172
7173
7174
7175
7176
7177
7178
7179
7180
7181
7182
7183
7184
7185
7186
7187
7188
7189
7190
7192
7193
7194
7195
7196
7197
7198
7199
7200
7201
7202
7203
7204
7205
7206
7207
7208
7209
7210
7211
7212
7213
7214
7215
7216
7217
7218
7219
7220
7221
7222
7223
7224
7225
7226
7227
7228
7229
7230
7231
7232
7233
7234
7235
7236
7237
7238
7239
7240
7241
7242
7243
7244
7245
7246
7247
7248
7249
7250
7251
7252
7253
7254
7255
7256
7257
7258
7259
7260
7261
7262
7263
7264
7265
7266
7267
7268
7269
7270
7271
7272
7273
7274
7275
7276
7277
7278
7279
7280
7281
7283
7284
7285
7286
7287
7288
7289
7291
7292
7293
7294
7295
7296
7297
7298
7299
7300
7301
7302
7303
7304
7305
7306
7307
7309
7310
7311
7312
7313
7314
7315
7316
7317
7318
7319
7320
7321
7322
7323
7324
7325
7326
7327
7328
7329
7330
7331
7333
7334
7335
7336
7337
7338
7340
7341
7342
7343
7344
7345
7346
7347
7348
7349
7350
7351
7352
7353
7354
7355
7357
7358
7359
7360
7361
7362
7363
7364
7365
7366
7367
7370
7371
7372
7373
7374
7375
7376
7377
7378
7379
7380
7381
7382
7383
7384
7385
7386
7387
7388
7389
7390
7391
7392
7393
7394
7395
7396
7397
7398
7399
7400
7401
7402
7403
7404
7405
7406
7408
7409
7410
7411
7412
7413
7414
7416
7417
7418
7419
7420
7421
7423
7424
7425
7426
7427
7428
7429
7430
7431
7432
7433
7434
7435
7436
7437
7438
7439
7440
7441
7442
7443
7444
7445
7446
7447
7448
7449
7450
7451
7452
7453
7454
7455
7456
7457
7458
7459
7460
7461
7462
7463
7464
7465
7466
7467
7468
7470
7471
7472
7473
7474
7475
7476
7477
7478
7479
7480
7481
7482
7483
7484
7485
7486
7487
7490
7491
7492
7493
7494
7495
7497
7498
7499
7500
7502
7503
7504
7505
7506
7507
7508
7509
7510
7511
7512
7513
7514
7515
7516
7517
7518
7519
7520
7521
7522
7523
7524
7525
7526
7527
7528
7529
7530
7531
7533
7534
7535
7536
7537
7538
7539
7540
7541
7542
7543
7545
7546
7547
7548
7549
7551
7552
7554
7555
7556
7557
7558
7559
7560
7561
7562
7563
7564
7565
7566
7567
7568
7569
7570
7571
7572
7573
7574
7575
7576
7577
7578
7579
7580
7581
7582
7583
7584
7585
7586
7587
7588
7589
7590
7591
7592
7593
7594
7595
7596
7597
7598
7599
7600
7601
7602
7603
7604
7605
7606
7607
7608
7609
7610
7611
7612
7613
7614
7615
7616
7617
7618
7619
7620
7621
7622
7623
7625
7626
7627
7628
7629
7630
7631
7632
7633
7634
7635
7636
7637
7638
7639
7640
7641
7642
7644
7645
7646
7647
7648
7649
7650
7651
7652
7653
7654
7655
7656
7657
7658
7659
7660
7661
7662
7663
7664
7665
7666
7667
7668
7669
7670
7671
7672
7673
7674
7675
7676
7677
7678
7679
7680
7681
7682
7683
7684
7685
7686
7687
7688
7689
7690
7691
7692
7693
7694
7695
7696
7697
7698
7699
7700
7701
7702
7703
7704
7705
7706
7707
7708
7709
7710
7711
7712
7713
7714
7716
7717
7718
7719
7720
7722
7723
7724
7727
7728
7729
7730
7732
7733
7734
7735
7737
7738
7739
7740
7741
7743
7744
7745
7746
7747
7748
7749
7750
7751
7752
7753
7754
7755
7756
7757
7758
7759
7760
7761
7762
7764
7765
7766
7767
7768
7769
7770
7771
7772
7773
7774
7775
7776
7777
7778
7779
7780
7781
7782
7783
7784
7785
7786
7787
7788
7789
7790
7791
7792
7793
7794
7795
7796
7797
7798
7799
7800
7801
7802
7803
7804
7805
7806
7807
7808
7809
7810
7811
7812
7813
7814
7815
7816
7817
7818
7819
7820
7821
7822
7823
7824
7826
7827
7828
7829
7830
7831
7832
7833
7834
7835
7836
7837
7838
7839
7840
7841
7843
7844
7845
7847
7849
7850
7851
7852
7853
7854
7855
7856
7857
7858
7859
7860
7861
7862
7863
7864
7865
7866
7867
7868
7869
7870
7871
7872
7873
7874
7876
7877
7878
7879
7880
7881
7882
7883
7884
7885
7886
7887
7888
7889
7890
7891
7892
7893
7894
7895
7896
7897
7898
7899
7900
7901
7902
7903
7904
7905
7906
7907
7908
7909
7910
7911
7912
7913
7914
7915
7916
7917
7918
7920
7922
7923
7924
7925
7926
7927
7928
7929
7930
7931
7932
7933
7934
7935
7936
7937
7938
7939
7940
7941
7942
7943
7944
7945
7946
7947
7949
7950
7951
7952
7953
7954
7955
7956
7957
7958
7959
7960
7961
7962
7963
7964
7965
7966
7967
7969
7971
7972
7973
7975
7976
7977
7979
7980
7981
7982
7984
7985
7986
7987
7988
7989
7990
7991
7992
7993
7994
7995
7996
7998
7999
8000
8001
8002
8003
8004
8005
8006
8007
8008
8009
8010
8011
8012
8013
8014
8015
8017
8018
8019
8020
8021
8022
8023
8024
8025
8026
8027
8028
8029
8030
8031
8032
8034
8035
8036
8037
8039
8040
8041
8042
8043
8044
8045
8046
8048
8049
8050
8051
8054
8055
8056
8057
8058
8059
8060
8061
8062
8063
8064
8065
8068
8069
8070
8071
8072
8073
8074
8075
8076
8077
8078
8079
8080
8081
8082
8083
8084
8085
8086
8087
8088
8089
8090
8092
8093
8094
8095
8096
8097
8098
8099
8100
8101
8102
8103
8104
8105
8106
8107
8108
8109
8110
8111
8112
8113
8114
8115
8116
8117
8118
8119
8120
8122
8123
8124
8125
8126
8127
8128
8129
8130
8131
8132
8133
8134
8135
8136
8137
8138
8139
8140
8141
8142
8143
8144
8145
8146
8148
8149
8150
8151
8152
8153
8154
8155
8156
8157
8158
8159
8160
8161
8162
8163
8164
8165
8166
8167
8168
8170
8172
8173
8174
8175
8176
8177
8178
8179
8180
8181
8182
8184
8185
8186
8187
8188
8189
8191
8192
8193
8194
8195
8197
8198
8199
8200
8201
8202
8203
8205
8206
8207
8208
8211
8212
8213
8214
8215
8216
8217
8218
8219
8220
8221
8222
8223
8224
8225
8226
8228
8229
8230
8231
8232
8233
8234
8235
8236
8237
8238
8239
8240
8241
8242
8243
8244
8245
8246
8247
8248
8249
8250
8251
8252
8253
8254
8255
8256
8257
8258
8260
8261
8262
8263
8264
8265
8266
8267
8268
8269
8270
8271
8272
8274
8275
8276
8277
8278
8279
8281
8283
8284
8285
8286
8287
8288
8289
8290
8291
8292
8293
8294
8295
8296
8297
8298
8299
8300
8301
8302
8303
8304
8305
8306
8307
8308
8309
8310
8311
8312
8313
8314
8315
8316
8317
8318
8319
8320
8321
8322
8323
8325
8326
8327
8328
8329
8330
8331
8332
8333
8334
8335
8336
8337
8338
8339
8340
8341
8342
8343
8344
8345
8346
8347
8348
8349
8350
8352
8353
8354
8355
8356
8357
8359
8360
8362
8363
8364
8365
8366
8367
8368
8369
8370
8371
8372
8373
8375
8376
8377
8378
8380
8381
8382
8383
8384
8385
8386
8387
8388
8389
8390
8391
8392
8393
8394
8395
8396
8397
8398
8399
8400
8401
8402
8403
8404
8405
8406
8407
8408
8409
8410
8411
8412
8413
8414
8415
8416
8417
8418
8419
8420
8421
8422
8423
8424
8425
8426
8427
8428
8429
8430
8431
8432
8433
8435
8436
8438
8439
8440
8441
8442
8443
8444
8445
8446
8447
8448
8451
8452
8453
8454
8455
8456
8457
8458
8459
8460
8461
8462
8463
8464
8465
8466
8467
8468
8469
8470
8471
8472
8473
8474
8475
8476
8477
8478
8479
8480
8481
8483
8484
8485
8486
8487
8488
8489
8490
8491
8493
8494
8495
8496
8497
8498
8499
8500
8502
8503
8504
8505
8507
8509
8510
8511
8512
8513
8514
8515
8516
8518
8519
8520
8521
8522
8523
8524
8525
8526
8527
8528
8529
8530
8531
8532
8533
8534
8535
8536
8537
8538
8539
8540
8541
8543
8544
8545
8546
8548
8549
8550
8551
8552
8553
8554
8555
8556
8557
8558
8559
8560
8561
8562
8563
8564
8565
8566
8567
8568
8569
8570
8571
8572
8574
8575
8576
8577
8578
8579
8581
8582
8583
8584
8585
8586
8587
8588
8589
8590
8591
8592
8593
8594
8595
8596
8597
8598
8599
8600
8601
8602
8603
8604
8605
8606
8607
8609
8610
8611
8612
8613
8614
8615
8616
8617
8618
8619
8620
8621
8622
8623
8624
8625
8626
8627
8628
8629
8630
8631
8632
8633
8634
8635
8637
8638
8639
8640
8642
8643
8644
8645
8646
8647
8648
8649
8650
8651
8652
8653
8654
8655
8656
8657
8658
8659
8660
8661
8662
8663
8664
8665
8666
8667
8668
8669
8670
8671
8672
8673
8674
8675
8676
8677
8678
8679
8680
8681
8682
8683
8684
8685
8686
8687
8688
8689
8691
8692
8693
8694
8695
8696
8697
8698
8699
8700
8701
8702
8703
8704
8705
8706
8707
8708
8709
8710
8711
8712
8713
8714
8715
8716
8717
8718
8719
8720
8721
8722
8723
8724
8725
8726
8727
8728
8729
8730
8731
8732
8734
8735
8736
8737
8738
8739
8740
8741
8742
8743
8744
8745
8746
8747
8748
8749
8750
8751
8752
8753
8754
8755
8756
8757
8758
8759
8763
8764
8765
8766
8767
8768
8769
8770
8771
8772
8773
8774
8775
8776
8778
8779
8780
8781
8782
8783
8784
8785
8786
8787
8788
8789
8790
8791
8792
8793
8794
8795
8796
8797
8798
8799
8800
8801
8802
8803
8804
8805
8806
8807
8808
8809
8810
8811
8812
8813
8814
8815
8816
8817
8819
8820
8821
8822
8823
8824
8825
8826
8827
8829
8830
8831
8832
8833
8834
8835
8836
8837
8838
8839
8840
8841
8842
8843
8844
8845
8846
8847
8848
8849
8850
8851
8852
8853
8854
8855
8857
8858
8859
8860
8861
8862
8863
8864
8865
8866
8867
8868
8869
8870
8871
8872
8873
8874
8875
8876
8877
8878
8879
8880
8881
8882
8883
8884
8885
8886
8887
8888
8889
8891
8892
8893
8894
8895
8896
8897
8898
8899
8900
8901
8902
8903
8904
8905
8906
8907
8908
8909
8910
8911
8912
8913
8914
8915
8916
8917
8918
8919
8921
8922
8923
8924
8925
8926
8927
8928
8929
8930
8931
8932
8933
8934
8935
8936
8937
8938
8939
8940
8941
8942
8943
8944
8945
8946
8947
8948
8949
8950
8951
8952
8953
8954
8955
8956
8957
8958
8959
8960
8961
8962
8963
8964
8965
8966
8967
8968
8969
8970
8971
8972
8974
8975
8976
8977
8978
8979
8980
8981
8982
8983
8984
8985
8986
8987
8988
8989
8990
8991
8992
8993
8994
8995
8996
8997
8999
9000
9001
9002
9003
9004
9005
9006
9010
9011
9012
9013
9014
9016
9017
9018
9019
9020
9021
9022
9023
9024
9025
9026
9027
9028
9029
9030
9031
9032
9033
9034
9035
9036
9037
9038
9039
9040
9041
9042
9043
9045
9046
9047
9048
9049
9050
9051
9052
9053
9054
9055
9056
9057
9058
9059
9061
9062
9063
9065
9066
9067
9068
9069
9070
9071
9072
9073
9074
9075
9076
9077
9078
9079
9080
9081
9082
9083
9084
9085
9086
9087
9088
9089
9090
9091
9092
9094
9095
9096
9097
9098
9099
9100
9101
9102
9103
9104
9105
9106
9107
9108
9109
9110
9111
9112
9114
9115
9116
9117
9118
9119
9120
9121
9122
9123
9124
9125
9126
9127
9128
9129
9130
9131
9132
9133
9134
9135
9136
9137
9138
9139
9140
9141
9142
9143
9145
9146
9147
9148
9149
9150
9151
9152
9153
9154
9155
9156
9157
9158
9159
9160
9161
9162
9163
9164
9165
9166
9167
9169
9170
9171
9172
9173
9174
9175
9176
9177
9178
9179
9180
9181
9182
9183
9184
9186
9187
9188
9189
9192
9193
9194
9195
9196
9197
9198
9199
9201
9202
9203
9204
9205
9206
9207
9208
9209
9210
9211
9212
9213
9214
9215
9216
9217
9218
9219
9220
9221
9222
9223
9224
9225
9226
9227
9228
9229
9230
9231
9233
9234
9235
9236
9237
9238
9239
9240
9241
9242
9243
9244
9246
9247
9249
9250
9252
9253
9254
9255
9256
9257
9258
9259
9260
9261
9262
9263
9264
9265
9266
9267
9268
9269
9270
9271
9272
9273
9274
9275
9276
9277
9278
9279
9281
9282
9283
9284
9285
9286
9287
9289
9290
9291
9292
9293
9294
9295
9296
9298
9299
9300
9301
9302
9303
9304
9305
9306
9307
9308
9309
9310
9311
9312
9313
9314
9315
9316
9317
9318
9319
9323
9324
9325
9326
9327
9328
9329
9330
9331
9332
9333
9334
9335
9336
9337
9338
9339
9340
9341
9342
9343
9344
9345
9346
9347
9348
9349
9350
9351
9352
9353
9354
9356
9357
9358
9359
9360
9361
9362
9363
9364
9365
9366
9367
9368
9369
9370
9371
9372
9373
9374
9375
9376
9377
9378
9379
9380
9382
9383
9384
9385
9386
9387
9388
9389
9391
9392
9393
9394
9395
9396
9397
9398
9399
9400
9401
9402
9403
9404
9405
9406
9407
9408
9409
9410
9411
9412
9413
9414
9415
9416
9417
9418
9419
9420
9421
9422
9423
9424
9425
9426
9427
9428
9429
9430
9431
9432
9433
9434
9435
9436
9437
9438
9439
9440
9441
9442
9443
9444
9445
9446
9447
9448
9449
9450
9451
9452
9453
9454
9455
9456
9458
9459
9460
9461
9462
9463
9464
9465
9466
9467
9468
9469
9470
9471
9472
9473
9474
9475
9476
9477
9478
9479
9480
9481
9482
9483
9484
9485
9486
9487
9488
9489
9490
9491
9492
9493
9495
9497
9498
9499
9500
9501
9502
9503
9504
9505
9506
9507
9508
9509
9510
9511
9512
9513
9514
9515
9516
9518
9519
9520
9521
9522
9523
9524
9525
9526
9527
9528
9529
9530
9531
9533
9534
9535
9536
9537
9538
9540
9541
9542
9543
9544
9545
9546
9547
9548
9549
9550
9551
9552
9553
9554
9555
9556
9557
9558
9559
9560
9561
9562
9563
9564
9565
9566
9567
9568
9569
9572
9573
9574
9575
9576
9577
9578
9579
9580
9582
9583
9584
9585
9586
9587
9589
9590
9591
9592
9593
9594
9595
9596
9597
9598
9599
9600
9601
9602
9603
9604
9605
9606
9607
9608
9609
9610
9611
9612
9613
9614
9615
9617
9618
9619
9620
9621
9622
9623
9624
9625
9626
9628
9631
9633
9634
9635
9636
9637
9638
9639
9640
9641
9642
9643
9644
9645
9648
9649
9650
9651
9652
9653
9654
9655
9656
9657
9658
9659
9660
9661
9662
9663
9664
9665
9666
9667
9668
9669
9670
9671
9672
9673
9674
9675
9676
9677
9678
9679
9680
9681
9682
9683
9684
9685
9686
9687
9688
9689
9690
9691
9692
9693
9694
9695
9696
9697
9698
9699
9700
9701
9702
9704
9705
9706
9707
9708
9709
9710
9711
9712
9713
9714
9715
9716
9717
9718
9719
9720
9721
9722
9724
9725
9726
9729
9730
9731
9732
9733
9734
9735
9736
9737
9738
9739
9740
9741
9742
9743
9744
9745
9746
9747
9748
9749
9750
9751
9752
9753
9754
9755
9756
9757
9758
9760
9761
9762
9763
9764
9765
9766
9767
9768
9769
9770
9772
9773
9774
9775
9776
9777
9778
9779
9780
9781
9782
9783
9784
9785
9786
9787
9788
9789
9790
9791
9792
9793
9794
9795
9796
9797
9798
9799
9800
9801
9802
9803
9804
9805
9806
9807
9808
9809
9810
9811
9812
9813
9814
9815
9816
9817
9818
9819
9820
9822
9824
9825
9826
9827
9829
9830
9831
9833
9834
9835
9836
9837
9838
9839
9840
9841
9842
9843
9844
9845
9847
9848
9849
9850
9851
9852
9853
9854
9855
9856
9857
9858
9859
9860
9861
9862
9863
9864
9865
9866
9867
9868
9869
9870
9871
9872
9873
9874
9875
9876
9877
9878
9879
9880
9881
9882
9883
9885
9886
9887
9888
9889
9890
9891
9892
9894
9895
9896
9898
9899
9900
9902
9903
9904
9905
9906
9907
9908
9909
9910
9911
9912
9913
9914
9915
9916
9917
9918
9919
9920
9921
9922
9923
9924
9925
9926
9927
9928
9929
9930
9931
9932
9933
9934
9935
9936
9937
9938
9939
9940
9941
9942
9943
9944
9945
9946
9947
9948
9949
9950
9952
9953
9954
9955
9956
9957
9958
9959
9960
9961
9962
9963
9964
9965
9966
9967
9968
9969
9970
9971
9972
9973
9974
9975
9976
9978
9979
9980
9981
9982
9983
9984
9985
9986
9987
9989
9990
9991
9992
9993
9994
9995
9996
9997
9998
9999
