100
20
84 54 38 95 19 83 89 50 20 4 47 5 44 37 82 29 78 61 43 71 60 96 93 53 26 32 45 55 72
72 28 26 65 53 73 40 32 68 25 66 13 17 99 31 3 1 51 14 64 69 84 58 5 78 80 71 59 9 60 77 89 52 27 39 76 97 62 2 96 35 55 88 56 45 0
91 93 52 89 42 48 58 33 78 79 26 61 67 4 23 86 59 25 17 54 35 62 83 68 30 8 49
25 69 20 93
77 86 63 2 46 80 39 55 7 30 84 14 76 19 38 25 8 90 3 96 15 57 34 24 1 73 17 22 40 4 41 9 11 82 13 53 49 91 94 52 92 67
32 21 71 43 35 49 83 27 0
35 37 10 60 92 50 47 24 32 31 9 77 13 4 42 99 59 58 3 84 96 82 61 46 25 17 65 1 70 5 57
50 23 3 70 83 55 41 93 75 32 91 16 62 11 9 86 6 25 73 19 78 71 17 7 22 39 57 1 0 51 10 54 81 42 43 53
91 8 87 24 78 20 28 54 55 14 76 79 30 7 81 19 66 63 38 72 90 67 73 98 18 0 37 84 86 5 99 34 32 29 42 45
41 19 5 27 98 3 76 17 77 58 83 18 8 96 6 61 52 74 62 39 23
63 29 52 40 72 33 19 55 68 5 54 21 83 30 71 96 36 2 46 45 11 64 75 88 49 43 7 66 25 23 28 59 51 58 10 84 0 48 53 91 82 26 31 14 62 20 35 38 98 37
61 10 89 3 75 14 51 11 28 92 76 35 50 6 8 44 34 37 20 67 91 63 42 58 83 64 25 81 60 29 57 77 5 87 15 52 4 95 86 78 13 41 84
29 64 59 67 39 8 26 58 41 83 5 69 1 11 65 6 89 12 44 92 81 9 57 86 4 71 90 96 60 85 21 66 54 16 31 99 73 87 76 34 53 43 13 22 36 52 2
18 68 73 37 31 70 74 55 93 32 45 91 47 5 33 39 64 41 62 99
33 78 72 82 16 53 40 91 96 64 42 80 89 63 26 1 34 86 4 90 28
43 69 56 20 79 50 77 46 78 94 42 33 85 64 80 26 53 96 45 22 32 9 47 83 21 48 54 1 44 41 84 18 6 88 51 89 14 29 7 72 36
52 59 8 22 84 50 92 12 44 85 34 89 13 51 5 87 0 21 94 70 54 11 6 41 83 49 79 33 16 93 56 39 7 47 18 78 66 29 46
14 54 57 75 31 88 62 94 99 87 19 11 7 42 39 45 77 66 97 27 71 17 86 20 72 5 68 61 35 85 6 50 90 96 16 98 93 73 4 15 53 13 2 80 41 59 28
56 5 29 47 27 53 49 26 86 55 62 84 50 87 11 34 52 16 63 6 66 18 31 96 8 17 60 39 74 65 32 9 80 78 67 93 3 7 20 97 57
70 92 76 28 89 44 79 3 5 59 98 49 78 99 83 11 6 40 74 23 50 30 45 21 36 62 80 72 19 8
