1000
200
988 841 896 636 684 718 547 58 603 653 925 187 706 904 913 870 80 849 267 642 168 607 999 594 4 821 948 895 446 907 64 829 34 285 304 905 538 531 874 340 46 712 272 307 591 629 126 274 41 888 13 128 171 47 848 588 472 553 127 317 86
697 898 371 17 361 233 143 491 623 823 44 338
883 191 830 228 269 523 256 755 263 845
496 118 92 572 907 401 642 361 789 602 794 670 207 839 949 238 200 974 588 630 663 61 311 106 373 422 640 463 509 782 982 776 977 435 78 296 624 312 938 555 346 261 596 357 996 901 146 470 51 73 720 700 479 170 21 809 224 730 597 889 688 236 428 294 554 7 62 913 622 407 165 819 814 3 421 972 409 82 38
171 980 218 459 978 93 644 386 14 47 83 646 415 625 608 111 158 200 807 566 428 979 350 860 707 204 994 685 394 698 194 516 593 568 517 242 489 577 24 141 694 934 261 615 409 719 682 133 741 405 598 172 10 711 834 456 601 594 540 123 592
144 552 84 785 712 170 223 832 318 997 235 677 786 378 71 822 758 606 956 633 684 966 138 463 467 339 186 134 715 514 840 910 776 748 692 738 597 275 638 107 563 702 998 655 250 458 15 874 40 462 258 591 83 496 627 604 120 579 881 236 771
472 775 512 296 341 578 169 96 621 719 622 264 164 396 278 703 21 820 948 277 129 918 921 428 614 889 778 237 73 83 595 632 151 650 432 76 817 381 795 139 593 977 762 819 235 86 845 105 745 308 173 602 364 508 979 531 517 345 849 141 659 754 678 533 667
974 300 466 588 377 512 684 110
530 193 862 992 340 148 926 260 476 138 843 421 341 289 822 597 618 551 13 984 168 342 60 557 976 679 43 979 687 153 680 369 924 907 860 491 511
190 217 178 797 132 668 463 518 761 196 200 281 982 130 69 940 849 757 227 582 802 126 985 635 468 284 774 430 244 609 764 95 5 743 877 163 640 49 758 478 34 693 499 536 403 306 331 104
253 402 608 31 868 684 561 491 163 890 332 172 159 672 242 663 361 556 280 871 999 451 610 776 223 367 55 152 226 21 375 351 266 295 719 457 796
822 658 998 569 882 246 714 721 824 348 344 983 36 922 774 608 392 766 415 167 390 592 955 220 56 491 541 619 129 330 863 92 867 687 225 537 90 886 309 948 941 320 239 686 781 604 240 33 862 679 520 48 178 190 514 492 949 585 834 350 53 448 397 902 967 549 325 295 580 710 123 20 10 611 855 890 303 11 215 120 335 748
957 921 272 633 440 535 285 938 644 141 157 858 687 112 988 494 669 118 161 555 741 498 701 857 990 954 275 867 345 602 98 124 369 943 536 847 855
748 5 955 847 601 988 250 804 851 545 394 393 421 687 945 281 284 165 311 288 56 156 724 749 305 277 363 672 270 267 190 225 685 510 383 506 200 106 661 36 997 968 849 104 83 944 470 102 901 557 627 497 224 525 123 583 718 291 874 751 888
831 228 919 960 531 884 252 399 939 896 133 455 568 554 489 602 447 914 847 883 513 569 266 875 36 657 46 852 893 927 628 690 627 28 17 854 570 516 384 820 488 559 263 988 325 986 538 466 798 751 292 274 934 843 86 306 824 134 473 50 397 643 183 755
734 242 180 582 563 313 818 133 157 324 247 171 550 467 557 683 631 406 263 676 909 730 681 5 506 471 970 932 986 193 40 303 33 902 318 63 913 917 299 566 954 329 493 436 288 750 707 111 25 240 59 301 182 238 237 912 65 637 9 812 360 595 55 576 598 525 522 109 223 292 514 897 497 763 342 822 815
655 336 577 200 15 807 404 82 627 878 121 625 578 656 594 186 280 804 203 661 989 973 17 73 382 860 511 161 987 775 615 179 915 310 185 995 253 606 879 65 612 552 745 716 126 354 426 508 430 827 278 220 85 142 780 108 980 611 281 554 889 210 365 996 566 84 323 602 331 204 425 587 429 403 721 477 570 333 711 824 532 265 682 22 128 974 368 950 485 91 704 216 790 572 153 551 162 961
521 145 239 616 853 891 700 109 253 117 252
557 771 969 73 492 564 745 526 79 859 977 981 621
830 391 659 27 358 68 547 367 509 360 499 467 353 898 107 33 646 455 287 309 614 718 289 329 782 97 298 133 880 434 557 17 723 361 355 137 450 22 183 554 567 562 559 877 293 954 19 661 372 942 449 644 311 261 410 860 333 15 232 236 713 203 284 811 169 608 359 438 789 247 966 304 392 511 840 750 743
802 457 786 772 874 454 435 73 667 318 469 298 982 689 3 980 960 329 359 656 415 637 855 409 119 953 872 675 550 88 485 351 142 987 12 335 903 545 410 887 51 69 150 264 70 42 646 290 79 546 327 453 423 271 536 880 48 920 861 332 315 474 679 166 363 655 295 165 567 937 201 18 82 33 512 355 234 40
744 187 484 475 513 852 621 692 444 636 224 780 471 769 707 885 5 384 718 478 706 97 38 182 689 65 4 439 709 576 846 154 666 743 695 209 607 888 641 964 801 338 592 778 835 678 100 232 95 672 300 605 112 878 34 93 430 663 705 995
664 956 141 436 820 327 163 453 839 575 135 841 849 567 955 173 638 621 810 659 642 843 703 789 407 983 890 339 480 631 464 246 158 511 219 459 674 882 995 376 723 435
278 823 358 229 572 185 541 439 849 98 314 423 630 501 801 901 347 336 143 465 607 377 33 549 194 622 966 665 588 539 492 384 525 491 331 127 356 649 565 181 479 906 483 4 998 416 464 94 115 855 237 687 841 678 598 134 782 835 990 145 789 457 543 583 151 149 444 715 759 15 223 963 32 842 748 864 165 653 139 870 731 409 74 757
776 22 264 843 770 850 403 35 159 532 620 790 591 506 18 759 226 386 556 920 177 526 261 262 111 579 603 995
232 394 196 124 424 996 309 489 100 780 628 709 860
874 730 169 310 924 79 191 76 172 420 40 627 599 870 382 188 501 223 33 544 872 566 344 880 137 750 548 684 949 977 765 707 53 338 83 972 442 558 775 139 491 781 831 990 482 929 170 441 716 277 291 474 796 930 241 121 756 576 452 582 600 533 31 186 826 234 432 342 583 461 108 706 539 945 916 254 483 854 630
54 145 783 958 594 51 732 487 512 375 993 498 350 749 595 745 91 385 132 62 133 494 579 493 994 983 383 119 609 845 479 204 478 100 305 393 235 772 450 645 139 809 207 850 378 536 548 578 197 974 747 647 690 750 641 827 282 246 151 531 422 740 962 636 73 853 726 849 546 52 425 852 992 743 630 29 601 284 813 163 707 554 294 889 77 937 807 186 496 873 338 509 154 614 544 770 125 635 965 821
920 507 505 391 580 865 262 958 241 465 673 683 362 290 74 293 862 892 956 256 78 971 936 477 720 270 513 402 645 170 295 699 48 984 457 906 564 844 552 571 18 643 386 551 744 638 815 473 743 4 797 702 421 139 573 710
517 851 846 100 360 258 748 797 328 440 555 784 198 399 584 131 617 364 358 777 326 301 6 836 753 387 614 568 483 39 868 730
591 216 538 141 817 891 963 153 81 28 567 460 882 380 13 529 82 928 360 658 186 577 96 794 414 262 387 445 887 585 648 784 621 126 608 832 708 419
355 946 84 890 675 304 134 137 389 241 745 635 730 106
357 215 185 278 327 489 983 457 378 93 345 298 960 515 315 844 918 687 950 141 644 977 926 139 658 545 601 8 411 103 722 838 436 959 425 279 410 123 899 917 395
436 205 883 337 891 409 297 604 658 703 83 340 199 653 894 752 149 332 64 1 198 968 520 897 92 622 421 108 238 354 867 102 712 797 130 887 127 334 610 583 594 822 676 123 307 909 110 100 802 929 59 786 138 407 393 316 161 818 847 736 978 597
866 757 252
823 184 269 504 280 578 88 612 459 42 118 490 993 575 381 512 205 806 134
927
755 654 849 721 901 557 706 254 134 993 735 531 518 759 68 352 375 938 474 678 487 129 553 784 56 484 316 731 940 602 47 587 745 609 401 749 779 712 616 461 674 887 209 359 612 119 633 552 977 795 182 937 314 696 626 466 313 364
801 398 997 91 316 237 817
89 124 163 878 330 665 142 657 863 578 910 929 621 258 590 333 790 938 651 772 731 669 559 957 226 624 743 0 816 537 167 323 250 116 442 932 137 934 33 580 927 605 727 803 709 230 498 915 930 502 942 162 571 842 78 965 648 57 549 287 505 14 439 16 666 647
404 643 275 583 611 83 264 862 859 482 81 680 564 772 52 287 377 696 524 273 732 940 43 247 816 677 88 278 641 243 155 965 454 977 818 710 3 133 924 348 76 378 637 319 305 815 966 115 350 614 728 986 678 56 53 642 235 695 307 478 212 208 640 532 360 849 706 406 930 193
424 263 70 360 904 582 604 990 438 289 967 184 788 279 224 452 690 457 992 108 122 539 898 790 477 390 91 495 13 737 753 891 157 61 749 948 549 683 688 79 351 46 8 625 163 1 525 903 523 777 968 772 451 373 603 131 804 488 288 628 600 235 436 196 553 119 526 910 335 175 972 896 185
711 400 641 478 106 332 618 20 343 723 708 510 35 572 423 333 458 469 195 207 970 161 722 588 646 364 134 834 386 700 23 116 739 160 938 774 363 727 204 107 897 557 123 670 772 227 909 368
678 78 317 67 872 630 127 226 866 689 142 93 401 559 465 663 471 171 477 104 979 751 620 802 298 835 235 900 88 26 861 191 834 586 51 116 987 165 527 645 482 677 300 265 136 261 115 730 913 287 852
340
511 176 691 100 706 91 463 330 539 813 97 191 45 255 960 392 18 533 303 962 646 60 254 238 375 409 474 430 271 261 291 987 44 888 68 439
284 189 812 399 994 543 99 912
106 79 713 175 428 227 391 347 386 994 71 990 752 361 702 322 634 277 753 123 875 472 980 673 271 282 523 167 206 302 431 584 438 285 617 648 354 573 867 450 59 388 23 191 925 801 514 909
354 874 321 408 332 109 880 694 84 238 505 540 808 347 513 657 411 485 679 801
657 274 95 630 992 295 486 11 570 991 624 758 104 109 198 985 315 533 944 214 660 954 945 649 347 670 927 876 421 427 233 587 549 970 170 939 579 335 19 694 136 144 196 166 6 824 573 627 241 849 143 604 671 736 2 210 140 710 361 798 868 211 768 382 765 481 836 725 103 778 338 950 706 58 795 354 174 511 235 583
367 362 378 636 101 764 225 364 656 650 303 21 897 377 801 701 558 876 25 735 630 344 732 84 372 931 181 859 692 86 576 506 240 185 238 205 912
359 4 258 84 982 915 397 662 711 327 49 802 637 118 274 799 349 619 29 995 919 849 217 817 491 616 489 916 552 844 584 655 138 826 508
492 264 447 719 175 576 848 308 630 503 850 279 240 641 956 829 180 173 360 631 688 233 639 760 305 63 324 61 947 782 774 227 756 508 401 277 844 267 70 321 987 376 940 723 679 457 81 348 254 29 56 389 555 949 573 644 680 181 984 509 586 28 819 661 272 399 306 742 628 877 570 916 36 589 280 898 761 925 841 722
768 968 942 972 95 130 850 520
605 44 733 795 976 963 109 353 890 293 788 40 592 938 112 369 857 358 837 583 325 922 618 764 273 664 868 823 92 25 789 927 134 667 742 195 814 272 129 656 942 97
767 673 69 78 587 949 823 882 359 369 132 719 388 226 775 228 853 623 808 235 639 788 529
558 312 167 499 926 365 547 9 769 818 306 552 580 1 749 613 318 513 750 751 349 854 976 990 916 263 70 835 232 746 340 908 845 32 523 65 592 504 355 170 296 870 690 685 344 877 86 600 29 146 26 244 880 998 160 508 421 258 404 481 183 105 379 602 23 851 189 456 581 603 987 643
420 86 125 449 90 345 121 844 503 599 350 318 568 684 474 871 962 575 479 123 747 247 819 271 377 651 429 25 29 250 475 414 967 418 816 555 330 452 516 411 766 832 689 808 218 621 473 130 883 16 553 901 270 194 604 142 997 690 325 879 672 300 301 644 437 443 895 646 615 58 433 103
659 318 871 886 669 883 252 622 582 498 241 235 979 286 520 202 282 949 401 43 364 739 575 36 818 851 438 454 534 432 973 966 16 869 588 262 762 977 437 813 682 469 909 508 650 741 354 509 73 480 530 735 807 510
24 258 15 773 735 0 631 614 687 667 705 343 412 681 415 786 375 385 4 879 752 159 56 338 546 243 43
242 168 329 429 868 983 767 291 501 14 342 867 906 55 978 471 835 870 958 810 149 487 7 90 467 105 284 323 898 657 560 23 289 282 311 579 837 181 293 745 365 19 212 125 436 768 909 802 872 594 86 95 608 297 664 692 158
237 850 777 486 275 882 500 462 264 9 272 673 862 63 672 812 39 654 494 354 960 99 511 989 747 41 866 793 266 691 487 783 142 638 773 760 185 822 924 385 491 204 166 410 585 947 948 985 639 584 652 614 970 719 10 821 976 925 886 517 632 413 36 711 724 31 120 610 20 443 489 766
669 788 82 930 808 117 286 24 782 194 583 691 823 886 908 852 653 387 351 61 594 165 619 340 942 14 793 129 265 170 878 423 796 417 54 436 281 346 545 757 581 928 807 111 696 523 327 826 95 119 231 661 931 384 106 643 483 274 604 787 411 528 685 802 627 632 188 984 819 864 244 193 704 521 789 873 824 90 152 662 721
660 471 711 12 943 762 88 492 268 358 468 347 731 137 553 343 648 63 16 317 610 528 809 678 493 71 262 879 498 620 913 626 404 753 156 412 988 247 165 60 1 144 721 543 500 695 909 23 7 511 586 410 577 273 314 890 276 974 210 827 729 578 858 337 684 842 963 117 286 707 93 565
470 452 210 332 596 619 2 612 829 842 540 567 856 37 392 343 823 675 930 910 38 940 151 455 903 467 621 944 266 689 804 310 776 245 869 687 487
582 82 915 439 373 820 741 279 670 896 559 165 148 495 736 398 288 792 592 223 920 405 392 644 642 887 583 866 996 576 422 442 130 826 53 789 168 706 995 999 940 602 612 485 808 327 867 159 99 458 956 472 317 871 491 880 335 547 184 506 410 973 151 191 818 94 790 590 766 827 991 481 795 166 917 519 500 312 786 575 187 696 593 185 566 380 138 793 263 753 963 847 66 329 336 673
721 748 614 364 749 205 959 555 592 553 891 539 143 773 260 713 548 472 127 671 461 894 857 654 196 724 603 358 972 656 445 48
664 894 975 723 617 224 198 640 458 488 278 229 173 23 367 940 165 959 254 809 145 192 55 963 572
175 126 476 282 82 236 489 499 689 190 618 6 296 802 140 719 498 335 331 490 553 216 207 219 728 137
374 654 257 659 487 197 609 760 112 415 959 480 195 643 964 164 915 538 492 245 337
647 439 699 290 6 408 917 893 469 962 183 10 485 447 41 227 337 892 652 454 103 483 25 433 778 238 574 655 311 20 757 455 225 184 703 82 870 316 588 642 813 631 615 277 65 137 661 396 113 845 196 948 326 119 528 853 573 919
726 664 444 458 231 271 135 302 736 487 347 926 437 199 380 298 485 254 907 360 578 864 420 243 311 731 775 878 951 326 274 440 960 803 56 881 337 418 973 908 362 32 894 958 707 697 884 64 995 693 569 991 144 441 328 774 923 788 678 81 883 900 558 645 51
438 162 1 387 732 658 118 942 977 646 54 869 584 317 446 130 755 694 451 902 687 494 63 230 109 24 342 220 591 279 889 623 7 48 943 374 556 916 794 638 28
229 931 817 313 478 77 849 935 441 991 946 499 609 700 545 322 164 643 282 929 227 108 418 242 807 370 894 461 237 137 753 203 900 349 880 360 30 246 448 84 73 352 402 475 822 297 879 630 143 188 528 923 593 221 766 419 730 645 479 750 748 288
770 748 582 443 388 288 456 250 151 238 625 521 539 230 909 533
366 127 708 379 594 250 221 195 842 850 929 44 493 449 589 219 400 176 67 472 570 320 96 837 789 597 438 761 354 679 774 727 755 15 849 33 303 68 617 680 584 772 656 109 346 57 296 906 828 370 333 525 159 4 50 859 796 102 254 206 736 712 954 693 956
79 233 895 588 46 690 386 786 286 359 247 418 774 855 266
948 718 911 388 288 326 810 765 430 87 334 94 743 473 135 337 269 212 100 740 114 616 496 823 703 862 72 606 267 951 468 832 580 312 486 656 382 2 202 643 294 266 384 827 708 192 621 300 586 447 733 647 166 900 101 498 96 189 230 168 196 162 875 878 247 727
293 974 875 765 179 342 877 220 40 693 483 87 287 918 132 394 457 731 536 711 601 418 579 163 404 350 883 596 868 195 575 125 762 177 930 774 803 130 53 252 178 491 54 447 924 481 85 11 28 699 51 802 428 970 218 785 430 697 174 849 900 31 206 986 691 600 686 759 958 695 810 820 941 187 35 142 346 374 809
585 677 455 353 88 284 323 658 823 621 750 550 956 596 139 790 707 474 316 312 587 7 884 412 18 563 719 887 141 731 958 705 219 150 606 127 809 295 505 844
159 783 345 845 781 981 756 388 406 67 62 36 711 826 545 764 157 257 454 862 348 620 500 885 198 201 298 912 574 664 614 905 20 669 557 120 963 525 21 619 889 391 307 652 732 48 385 650 814 72 171 969 50 432 274 930 134 974 499 791 595 124 40 84 491 724 839 836 951 468 992 769 23 761 440 640 286 113 887 701 347 812 681 742 497 982 461 663
543 183 871 863 595 531 62 155 976 861 634 529 49 866 894 304 676 782 996 585 532 819 700 68 63 918 613 765 406 912 687 78 522 526 618 913 310 173 684 860 988 651 908 184 753 801 739 593 557 106 652 150 327 9 590 362 439 811 941 497 355 776 273 528 630
76 182 632 424 598 393 457 891 975 288 18 211 382 538 911 112 890 334 356 747 126 421 823 791 543 835 345 445 928 62 470 156 952 904 903 832 768 576 330 114 154 98 828 230 130 530 408 687 784 672 252 979 177 574 539 430 721 608 283 553 123 652 922 974 546 495 736 293 220 214 523 730 335 244 47 993 110 587 582 433 113 508 531 690 752
854 141 993 927 297 104 219 574 886 783 761 668 272 307 809 959 499 518 793 849 150 686 786 409 548 85 604 317 66 417 320 799 716 503 606 89 676 685 738 850 871 683 305 342 333 323 39 978 995 613 31 413 979 443 62 538 103 862 365 186 820 116 362 490 973 137 3 509 427 160 414 928 45 933 990 553 516 872 22 510 401 82 988 497 206 383 951 112 105 653
916 248 952 148 529 409 849 62 701 235 987 554 365 312 793 246 47 545 27 433 896 241 911 596 829 858 247 251 385 950 422 139 665 230 892 333 358 559 939 105 273 653 138 178 439 301 100 550 294 25 781 658 593 137 517 499 514 134 726
111 725 285 334 299 82 490 669 558 573 647 406 369 413 657 191 148 941 0 678 936 940 785 194 115 374 646 196 871 143 876 352 906 360 70 472 174 122 837 964 410 855 877 593 661 125 49 250 351 48 611 999 559 848 59 73 366 322 248 112 142 581 417 800 450 94 679 311 483 835 704 568 601 452 656 75 35 640 71 984 455 924
222 765 577 781 969 109 760 983 82 482 408 423
232 436 110 144 705 573 563 63 34 10 834 307 638 301 746 68 729 285 40 518 368 670 349 316 652 927 818 184 930 918 613 738 481 928 860 114 309 282 710 956
305 408 587 251 940 622 474 277 603 980 658 149 1 363 879 268 416 110 137 788 753 134 554 869 599 263 83 42 315 362 30 430 179 959 807 736 838 491 937 426 302 898 693 475 907 355 766 833 200 4 300 831 21 628 437 31 714 689 192 981 13 575 987
557 218 542 348 710 759 292 37 243 834 328 316 69 262 252 664 40 964 233 797 880 590 214 684 444 79 343 519 400 265 289 747 606 848 322 881 707 782 847 676 633 539 756 389 173 996 567 24 509 550 662 268 174 717 347 11 494 143 195 128 758 671 963 992 59 951 604 680 183 521 500
155 158 820 773 313 510 701 893 679 352 865 424 729 110 465 909 266 870 919 440 500 851 299 261 805 482 507 478
447 246 495 767
946 570 965 777 557 100 653 908 828 39 86 141 914 29 79 895 133 587 995 494 32 788 807 286 72 565 690 712 726 672 627 833 303 14 589 791 123 58 2 279 331 275 602
205 245 502 713 18 663 637 38 352 348 310 295 321 823 671 863 532 299 796 8 940 180 55 439 483 324 60 218 538 589 314 890 62 495 447 95 395 353 443 565 460 516 509 80 957 313 477 941 729 952 204 459 479 132 36 147 41 179 7 360 317 281 311 937 16 601 706 625 380 125 251 364 885 801 177 785 622 500 168 178 556 794 406 842 142 255 56 399 939 478 91 808 543
101 553 128 921 986 62 287 983 121 936 33 677 26 648 873 209 952 547 510 199 399 950 454 765 866 871 456 865 874 328 588 23 668 365 206 143 177 615 906 294 274 260 693 533 569 127 960 309 645 478 67 250 930 942 423 316 954 1 114 594 514 357 301 642 658 944 492 278 703 656 307 242 91 836 867 498 909 136 435 885 265 558 157 131 796 521 377 781 468 85
967 1 584 739 929 89 310 341 437 798 18 329 300 363 748 243 708 436 620 875 51 585 663 405 920 660 131 356 133 25 801 17 275 554 567 125 878 802 753 690 767 431 711 962 175 495 556 998 723 345 791 5 745 164 407 700 166 394 100 818 470 188 911 474
849 637 737 161 297 450 172 781 614 99 690 401 314 712 815 444 163 452 557 15 677 291 641 898 611 414 0 23 543 224 598 856 623 582 357 756 722 723 980 109 106 465 457 486 331 377 405 564 552 635 433 139 201 113
338 766 31 664 601 295 790 657 353 334 531 64 828 72 119 586 150 544 478 845 318 558 821 714 468 460 730 513 902 390 773 607 142 628 672 877 241 691 431 477 300 129 313 8 865 951 702 81 929 459 38 957 737 328 1 139 413 752 593 343 66 25 740 141 272 9 428 385 227 305 303 217 748 101 946 503 23 502 357 415 621 750 208 678 666 97 194
514 830 531 671 492 616 602 262 891 861 624 82 773 410 20 545 86 958 592 432 565 216 232 307 479 562 873 480 461 489 960 167 38 372 831 978 698 690 776 79 694 926 4 632 983 259 198 826 825 854 249 353 498 239 319 894 950 633 129 199 519 669 215 809 925 775 604
453
959 885 109 77 294 496 3 111 915 186 652 379 380 286 177 326 894 759 89 849 420 246 252 222 645 499 142 654 498 180 628 809 485 896 494 104 47 785 52 425 31 634 70 423 311 970 543 73 119 669 472 11 65 550 724 107 891 318 994 148 94 830 22 888 682 805 840 692 0 670 948
645 816 616 441 31 466 158 119 985 413 184
259 177 965 226 405 888 667 988 227 67 155 636 372 298 444 803 459 180 786 502 204 935 185 303 552 925 122 569 983 447 565 382 430 397 658 540 547 35 512 385 273 484 527 912 284 778 683 611 392 51 791 930 549 363 338 807 214 613 78 468 323 158 645 485
264 138 539 174 522 233 70 922 321 405 569 102 823 535 594 451 252 491 917 797 285 713 355 424 882 519 654 774 802 532 810 800 129 945 145 777 745 320 23 995 26 915 126 383 989 34 690 536 564 496 406 16 804 443 219 292 256 605 500 287 574 229 549 438 561 625 90 370 964 236 181 248 37 339 765 847 350 378 547 440 195 257 29 863 266 189 245 791 641 42 635 921
94 821 445 105 116 756 132 689 419 608 730 66 89 533 122 903 221 557 842 146 248 236 604 798 845 767 841 474 739 543 892 809 414 611 936 659 28 966 827 950 201 773 883 108 496 391 119 285 780 943 918 226 467 345 826 256 865 899 801 126 191 545 297 229 800
549 857 93 369
275 863 17 685 80 557 248 851 596 422 114 653 981 730 592 426 915 441 404 495 46 901 35 719 393 837 949 162 492 355 734 193 957 744 718 602 610 919 751 833 449 159 116 842 611 509 548 145 365 659 969 368 487 835 437 577 956 357 536 195 55 528 305 967 238 154 632 907 931 993 532 791 895 102 571 937 75 580 562 533
42 715 53 549 525 709 334 688 785 665 771 930 360
289 155 642 548 93 264 716 453 546 650 842 839 755 137 437 41 832 200 526 319 460 359 110 869 872 953 730 265 698 667 399 158 253 518 320 640 703 963 124 398 932 149 333 14 379 311 871 429 756 741 523 128 949 56 383 583 418 309 138 142 282 151 750 726 479 382 630 923 895
532 737 630 217 935 690 489 739 728 104 374 838 303 1 823 47 733 687 588 537 150 549 84 825 53 516 230 472 324 523 301 485 893 507 264 308 400 660 504 922 146 249 999 420 197 48 156 66 268 706 255 926 877 109 160 850 342 93 281 545 853 178 685 336 70 641 317 872 715 563 439 626 653 269 936 175 980 177 815 40 791 67 874 848 553
712 516 144 156 918 614 13 731 474 348 846 396 78 898 16 87 904 715 925 186 944 544 948 415 778 779 451 736 564 132 527 579 340 562 411 73 154 498 455 586 664 461 23 419
542 400 799 551 590 903 726 49 221 142 258 758 524 981 584 509 0 723 814 479 514 344 254 941 725 800 271 15 885 486 779 683 913 445 850 467 665 405 674 494 621 154 933 14 559 246 742 324 750 776 989 529 376 932 807 923 126 66 189 623 13 67 824 359 296 562 638 660 788 753 715 816 150 895 610 203 447 921 697 602 511 675 262 572 727 389 906 206 829 332 944 484 241 840 522 274 658 615
194 875 85 360 901 880 291 348 90 804 309 697 499 726 828 447 677 107 191 800 381 955 304 469 273 584 103 922 980 819 565 663 0 409 73 604 856 635 178 121 950 496 242 258 436 966 926 734 690 296 22 119 974 162 422 201 217 145 364 908 313 509 4 243 803 754 629 459 359 439 923 839 605 998 208 66 623 586 475
485 411 202 761 341 628 898 121 529 935 707 68 358 984 444 863 691 880 695 482 422 670 344 756 113 940 967 217 420 640 853 407 753 727 310 998 140 346 825 192 849 822 589 720 418 866 461 282 41 899 925 32 203 861 34 163 473 830 681 928 950 42 124 512 728 222 687 780 432 548 871 367 726 10 97
412 319 159 977 516 944 778 261 339 359 420 144 604 635 377 520
13 23 314 194 949 145 876 602 119 225 27 763 718 706 983 674 947 508 339 915 488 535 794 124 569 632 912 738 639 227 630 688 40 221 320 165 588 587 137 331 352 29 359 400 893 534 324 788 304 595 399 156 868 917 174 441 701 407 614 211 284 739 161 593 389 265 451 967 188 470 734 92 457 617 498 105 262 598 163 427 422
494 261 691 47 66 404 53 864 529 270 167 497 33 14 714 293 379 332 643 527 603 399 573 658 493 211 296 892 821 420 919 466 740 651 256 395 711 423 425 370 433 268 400 257 530 626 29 818 389 24
892 5 753 90 10 644 562 102 890 22 504 743 549 237 709 647 875 184 132 575 799 80 142 417 537 178 201 19 840 888 935 84 407 558 212 570 208 139 101 703 115 994 880 370 603 999 479 818 43 264 993 794 785 728 861 426 454 806 525 801 243 377 127 295 214 529 793 456 775 73 812 382 354 839 894 532 910 403 957 941 38 236 598 843 140
3 621 772 86 766 133 876 345 648 635 335 725 933 31 78 553 960 385 18 594 428 172 935 366 762 62 836 308 608 675 390 995 973 444 399 5 670 801 402 69 80 886 48 450 202 989 39 257 397 196 331 519 212 845 228 104 644 720 343 656 962 295 188
714 560 773 793 358 186 159 970 961 451 612 287 418 350 787 363 725 767 280 611 158 65 229 320 235 234 474 912 342 530 881 828 326 27 408 268 245 480 906 915 606 366 472 454 50 629 152 466 75 450 41 656 575 135 858 370 246 252 532 568 108 59 130 693 208 521 123
709 209 741 116 730 491 127 918 318 957 331 277 212 856 592 801 564 414 216 823 905 984 91 843 97 440 750 507 472 804 576 540 917 113 716 2 168 272 432 979 682 10 408 944 939 604 247 253 808 387 224 300 973 876 841 645 468 303 189 743 439 664 59 83 891 521 85 653 673 119 252 867 976 112 934 301 700 102 878 790 93 771 974 44 550 895 620 360 781 515 241 840 328 672 830 818 461 688 425 460
497 598 904 625 857 894 19 738 31 123 28 535 174 903 440 490 485 393 99 95 771 579 221
689 214 972 46 999 798 176 13 883 106 882 811 761 212 874 540 865 757 91 867 45 58 39 546 994 753 852 353 313 569 94 20 248 829 324 765 877 374 951
58 328 537 507 394 511 789 127 99 726 934 324 431 696 633
568 93 558 295 638 76 692 725 298 458 523 991 886 909 32 322 997 658 777 684 98 745 161 931 687 442 136 822 524 666 906 971 559 946 327 190 821 699 270 319 532 276 544 87 119 30 324 876 640 65 184 272 100 316 517 757 972 528 730 18 604 431 760 110 964 23 415 830 716 138 405 880 792 788 572 11 209 603
811 443 534 336 88 594 350 910 901 528 679 331 863 299 8 657 792 582 405 995 290 107 144 800 490 877 28 560 273 775 608 133
396 200 143 73 436 705 219 572 841 945 734 370 758 727 742 41 332 395 358 198 965 227 67 557 226 464 176 450 425 746 550 587 288 463 185 322 175 445 887 490 36 696 160 424 993 622 858 680 115 799 640 966 832 305 829 952 883 869 21 837 302 970 942 386 726 948 840 494 681 679 941 97 862 469 456 113 461 946 497
693 7 424 612 978 801 301 773
359 152 201 929 596 788 995 840 220 517 268 862 466 171 433 719 590 63 398 811 904 378 419 325 422 94 19 658 209 246 612 869 176 40 323 768 682 967 9 143 560 103 342 55 84 410 442 774 668 34 79 478 490 386 970 124 381 812 895 184 513 439 204
197 711 336 96 335 575 67 555 5 625 251 652 515 926 882 936 3 863 589 341 401 205 226 183 161 775 545 13 350 986 544 837 483 996 919 95 288 690 480 838 442 354 369 168 310 399 567 913 388 333 173 139 379 626 991 203 819 704
351 690 375 681 373 547 881 736 3 394 649 758 138 4 693 517 806 180 524 773 879 548 692 629 410 227 90 974 42 630 889 945 615 787 409 943 648 196 929 936 371 57 35 963 715 103 178 26 114 484 914 925 932 705 93 583 821 322 71 168 266 343 223 428 350 43 567 822 679 262 771 482 169 727 52 242 464 206 554 931 506 858 269 74 31
364 388 920 744 235 463 969 611 730 605 191 297 52 905 107 171 532 927 429 505 124 217 417 19 24 727 916 672 480 315 464 509 224 144 594 437 941 544 711 163 958 804 140 470 619 678 606 266 757 709 296 370 737 566 499 835 847 784 777 620 308 455 646 406 634 76 324 668 811 697 360 822
603 832 76 561 952 193 155 219 389 895 273 958 716 381 258 119 55 60 663 967 717 876 899 945 661 354 184 744 530 66 118 12 758 146 190 211 358 610 424 114 536 402 673 383 597
65 133 841 319 553 227 527 502 588 432 420 27 56 959 409 892 437 102 566 806 991 242 740 654 936 501 946 698 868
919 806 579 842 993 979 232 149 394 367 798 67 158 978 874 826 358 541 696
797 938 544 241 396 883 557 236 229 188 572 801 909 282 222 976 529 402 508 903 727 974 63 133 915
234 49 642 206 634 645 982 695 586 599 190 594 490 989 155 698 668 830 356 340 541 706 15 378 673 705 771 935 690 674 54 337 940 157 791 186 537 543 821 144 720 561 439 294 277 620 602
124 290 179 629 995 916 534 886 694 560 243 340 367 724 794 187 431 22 333 846 840 383 292 594 706 110 522 460 892 882 845 127 414 847 360 461 848 274 525 478 410 453 926 586 432 436 630 19 961 709 944 294 976 490 272 451 994 820 920 977 881 605 446 647 935 350 544 809 996 955 729 971 618 528 712 591 665 503 304 326 612 347 927 364 580 517 317
636 466 954 633 46 283 31 302 906 629 886 605 372 546 854 701 375 145 98 753 420 229 326 588 537 136 585 50 45 291 671 392 716 459 77 152 286 84 29 49 857 522 265 201 893 795 764
960 534 863 307 17 668 547 988 830 521 605 359 737 339 464 365 366 240 363 267 685 680 328 882 289 374 987 798 102 12 212 370 894 338 799 745 532 418 501 459 709 385 716 998 883 282 228 575 817 401 395 989 954 358 511 428 802 430 953 279 56 570 423 270 864 760 840 814 917 940 69 474 611 889 191 238 979 341 762 874
585 412 282 487 473 502 213 83 675 316 729
423 327 672 104 272 647 364 495 615
271 10 142 37 156 966 875 331 650 419 199 928 194 274 970 255 191 960 888 890 856 790 846 90 657 234 802 820 616 660 685 242 989 202 372 935 539 817 615 495 520 819 804 353 975 226 149 409 889 521 668 41 595 81 381 311
695 171 178 142 396 37 25 134 173 644 467 172 308 736 447 797 706 58 614 501 567 599 900 1 484 82 155 556 965 559 690 203 56 443 724 580 804 79 215 331 8 623 55 116 287 473 305 436 817 336 809 395 649 244 543 487 300 716 610 90 598 978 66 226 822 652 837 159 622 169 495 54 269 813 156 383 677 310 950 13 27 349 873 182 734 905 946 627 675 771 620 394 401 609 18 665 167 531
907 796 978 7 680 827 620 769 57 271 291 331 94 273 846
557 410 230 730 58 961 260 387 747 505 259 97 568 966 715 816 294 138 562 102 860 857 258 660 239 714 26 905 84 488 298 29 610 960 417 43 440 518 1 399 854 859 335 842 920 602 420 772 431 803 827 559 623 519 56 530 590 217 231 228 55 418 554 341 704 455 127 411 347 532 941 35 210
95 884 387 377 262 445 935 599 184 76 419 220 369 612 253 678 836 239 885 364 598 183 458 94 51 4 279 631 8 960 925 22 186 70
583 331 479 447 312 889 77 644 198 319 300 158 959 93 253 786 704 294 414 242 801 63 130 560 299 38 620 778 832 339 92 920 992 852 591 344 496 464 263 877 623 684 911 607 797
555 59 675 43 947 351 619 891 33 459 266 17 197 954 639 612 364 912 272 325 81 894 322 304 737 758 176 451 288 576 347 735 83 890 580 319 96 742 946 956 985 299 940 236 704 222 161 137 339 679 131 105 397 159 623 172 659 12 63 584 175 449 606 312 547 315 568 922 30 386 926 72 225 193 423 174 648 969 126 665 809 58 413 793 579 35 362 564 47 388 29 291 60 360 874 627 981 465 800 531
732 884 814 444 946 152 473 213 903 214 761 101 188 673 501 654 58 364 174 108 61 426 750 498 63 38 283 398 582 543 868 385 397 982 161 937 255 914 618 885 158 850 816 91 52 97 966 329 736 455 617 758 490 568 2 767 875 418
976 133 568 186 287 281 607 571 586 774 60 337 567 232 110 128 869 727 854 832 634 818 256 407 48 297 735 291 398 585 377 71 509 209 902 217 173 557 750 338 46 935 593 810 524 635 977 863 928 132 2 533 882 57 743 299 355 439 78 125 554 754 752 384 162 280 701 27 562 756 467 898 117 772 978 848 642 413 566 624 716 550 419 259 353 598 472 269 965 513 369 925
668 371 92 937 863 141 4 767 546 433 456 547 344 683 367 836 918 594 282 610 258 611 165 286 734 299 827 724 292 806 512 311 798 820
701 393 346 420 314 738 130 447 443 330 303 326 15 479 519 607 207 951 418 948 932
16 817 139 939 227 847 788 503 436 158 814 382 104 586 554 357 74 437 712 307 897 793 329 900 143 522 995 946 422 289 234 339 271 810 408 972 808 977 415 290 304 877 3 500 63 513 286 260
502 335 763 18 853 429 539 415 997 978 280 573 404 207 622 362 860 428 88 601 893 233 124 679 14 486 856 189 351 249 637 608 210 848 142 11 43 445 358 782 44 545 446 985 94 850 794 242 491 519 814 214 737 877 269 162 440 245 127 948 181 956 932 61 461 23 793 951 552 318 250 26 509
30 968 322 698 609 802 432 470 709 628 400 182 645 89 404 872 440 256 545 689 163 463 596 14 492 327 486 496 519 502 663 61
352 754 277 81 755 218 318 508 148 645 934 903 117 236 482 333 281 857 252 690 360 615 11 60 906 789 875 630 846 364 156 445 460 211 439 817 764 977 997 237 947 670
318 860 596 378 972 279 610 167 120 479 322 789 202 497 573 79 662 226 770 720 408 913 903 726 15 746 224 810 309 795 478 109 885 435 989 190 955 688 961 383 820 506 293 291 409 154 935 265 149 941 239 616 403 474 348 473 461 729 926 978 755 23 382 172 665 198 353 212 106 393 609 188 127 44 798 314 864 657 432 466 694 428 92 641 110 302 255 377 968 791 963 289
182 801 966 304 0 467 835 689 35 432 267 851 163 576 935 165 383 269 685 481 225 585 507 278
246 632 657 769 53 984 342 521 710 47 844 756 973 865 316 427 802 451 218 292 647 941 87 80 127 854 3 636 615 199 366 442 35 595 266 45 354 151 754 578 122 563
916 158 789 84 217 873 145 316 938 902 854 736 116 401 121 358 45 241 522 638 628 942 425 707 195 93 815 9 435 444 489 989 932 114 493 726 276 871 990
673 208 808 988 954 375 33
564 626 685 323 982 126 191 387 362 919 723
537 484 736 620 613 116 120 94 524 904 786 717 751 228 816 606 223 582 988 503 148 646 401 605 156 410 454 790 427 956 124 334 593 144 839 368 519 88 747 698 851 837 500 876 466 398 562 135 822 55
785 559 112 5 349 253 907 400 501 675 922 487 141 978 499 842 986 735 569 175 370 65 233 610 671 806 403 167 166 381 293 679 138 308
149 346 839 100 338 251 1 454 585 931 620 81 332 789 631 424 168 575 594 895 496 133 734 707 185 527 710 985 150 955 463 714 911 386 830 950 480 744 7
544 168 872 858 481 249 546 963 537 920 758 217 125 576 65 333 819 423 800 687 522 361 140 881 798 266 369 949 343 744 726 674 901 8 226 938 393 681 682 18 947 44 395 39 791 769 135 180 70 621 503 342 283 205 683 514 840 460 990
207 888 10 104 17 449 417 849 491 58 632 363 577 993 502 305 234 847 583 313 835 185 906 842 75 208 526 44 157 456 854 597 827 981 343 801 757 0 921 601 307 655 133 750 50 812 978 19 33 882 537
32
432 583 511 471 624 789 113 368 137 714 537 116 322 707 694 891 413 107 476 355 970 571 966 968 332 177 195 21 323 455 60 666 650 747 399 903 224 792 91 186 840 279 826 675 319 129 51 639
562 510 423 5 535 825 729 194 157 92 142 508 63 936 695 852 436 40 528 522 648 310 673 221 93 891 832 767 814 403 946 263 483 854 55 280 778 525 949 885 492 840 540 548 355 248 534 77 225 665 784 676 354 892 285 640 827 505 681
241 82 796 33 637 359 838 267 947 252 335 972 210 181 327 416 460 733 677 351 939 928 4 897 973 3 557 405 987 72 264 49 834 875 218 734 374 479 550 572 461 839 21 285 792 810 869 201 361 448 923 223 444 959 112 287 239 656 126 836 27 257 421 912 933 306 992 710 362 170 600 131 37 607 321 687 56 473 703 654 525 52 393 707 622 614 499 364 31 25 238 438 121 995 676
307 927 846 163 894 335 501 573 471 869 233 151 912 412 117 711 453 712 132 957 905 951 225 115 524 224 427 201 365 685 789 39 913 835 431 664 337 755 155 315 578 517 719 697 347 246 936 17 222 948 669 253 688 121 935 279 243 130 583 377 599 804 775 571 866 540 729 422 810 107 816 572 601 598 180 744 198 972 19 417 415 421 341 48 449 362 455 713 12 216 170 914 38 648 795 682 3 813 275 763
619 460 589 183 285 839 351 228 554 256 881 381 91 440 668 778 409 181 121 904 293 141 492 933 920 902 315 160 873 51 59 88 283 857 74 553 995 197 725 989 909 316 520 273 441 937 644 90 233 558 997 224 799 767 98 939 517 523 579 125 116 241 24 340 163 479 747 829 33 536 888 825 606 472 192 294 543 783 212 670 386 438 423 698 801 58 38 491 69 469 524 354 847 474
478 578 312 625 541 264 275 657 594 547 183 604 487 486 133 771 219 791 507 20 882 331 931 140 407 835 785 450 229 386 764 230 260 689 480 995 193 778 162 216 693 42 462 706 136 700 137 695 431 776 998 153 846 660 392 280 448 111 735 749 63 984 756 860 862
784 386 465 58 523 319 209 673 671 78 104 664 394 965 654 15 563 255 441 840 669 108 124 356 878 89 966 250 243 663 491 678 62 29 274 432 202 642 570 173 780
117 168 336 369 582 389 375 233 155 316 454 929 734 34
81 16 392 235 357 656 366 42 148 763 245 521 846 554 688 320 69 926 417 32 722 605 978 863 475 87 446 474 232 413 930 668 60 251 451 640 396 647 91 892 216 996 578 267 193 305 817 215 634 994 747 700 792 562 57 225 246 483 78 135 476 435 553 141
687 997 379 700 35 255 624 352 600 773 630 41 534 61 57 574 438 399 274 537 832 22 370 592 210 761 225 927 759 596 664 172 54 7
176 373 97 426 304 550 265 946 46 423 47 959 534 267 862 96 823 736 298 728 972 183 800 419 259 581 392 981 311 859 207 233 222 209 62 312 560 936 446 733 393 613 43 676 797 819 670 456 382 945 306 427 948 492 184 818 860 181 878 999 704 808 216 833 255 786 416 964 893 33 694 354 330 840 845 247 873 856 658 189 718 638 588 491 385 335
589 592 966 123 37 410 791 668 271 610 74 985 996 551 311 203 799 31 704 543 540 561 230 896 472 566 317 170 809 233 486 742 595 499 730
853 714 307 931 881 47 631 238 760 965 751 461 850 745 428 583 538 80 337 685 241 680 571 150 373 990 752 89 975 284 75 52 436 116 90 604 416 913 108 188 582 711 926
742 258 326 242 49 153 199 390 313 682 234 757 702 278 889 520 362 669 770 464 337 908 535 320 822 533 780 472 575 22 385 411 469 718 969 8 924 235 957 826 607 338 146 775 881 285 546 283 386 547 912 182 156 705 611
886 417 580 283 168 279 121 627 471 787 374 743 469 86 223 85 745 96 658 114 836 157 744 72 423 477 232 752 407 728 540 161 912 440 151 906 436 518 829 713 1 289 329 129 561 948 811 998 532 511 56 316 61 777 816 657 460 376 331 355 318 310 738 199 585 689 25 64 549 282 31 546 960 448 389 416 66 972 14 902 432 827 304 484 749 884
188 937 637 136 825 814 70 272 326 218 795 931 588 77 321 723 38 450 127 619 17 719 223 526 115 618 365 65 1 757 995 29 883 243 154 317 396 192 383 85 864 91 897 690 314 332 346 113 158 767 854 800 705 4 521 808 163 567 343 727 965 357 557 9 394 35 413 410 822 895 674 762 294 607 82 927
711 901 826 312 604 241 220 381 21 992 773 710 630 314 708 842 389 303 120 813 205 850 140 318 705 378 35 581 580 30 257 65 32 715 43 519 443 758 811 91 206 256 547 891 27 115 905 406 124
158 439 794 323 712 710 270 530 37 598 51 851 150 628 276 570 315 534 450 292 133 850 210 927 347 746 703 157 531 20 695 614 70 178 675 701 338 565 508 258 919 33 551 365 524 841 153 785 532 237 612 892 679 115 594 282 756 179 999 393 481 233 902 505 736 608 356 192 544 89 230 82 374 313 943 167 322 792 435 998 222 337 609 427 67 391 948 331 576 512 543 22 734 494 23 327
82 189 403
130 430 276 870 507 266 446 39 147 800 849 561 442 520 690 402 949 539 808 578 518 894 597 918 45 628 436 126 564 910 696 751 473 223 149 871 495 994 362 868 440 374 233 81 827 302 175 533 937 968 601 469 536 917 747 28 331 397 154 543 152 765 537 810 493 441 525 630 344 865 396 93 27 710 995 215 21 820 400 739 834 956 475 899
51 203 927 346 249 42 713 283 726 276 989 218 23 286 967 450 502 947 542 917 365 950 531 560 315 27 664 700 84 34 390 991 465 370 936 631 875 929 115 406 612 236 417 963 487 517 610 969 90 504 586 481 103 440 650 607 833 867 953 288 741 85 196 154 740 602 389 749 648 884 904 385 909 678 559 616 181 578
592 506 630 798 658 722 832 880 468 979 44 994 404 450 452 457 432 110 228 600 623 157 444 879 733 834 372 107 462 292 780 435 638 434 470 617 87 776 309 13 359 891 554 182 20 787 456 55 818 286 645 282 337 76 661 606 325 331 597 953 219 839 154 350 984 614 355 243 486 442 904 875 837 407 773 377 40 463 693 684 197 805 69 826 338 397 104 193 358 851 793 910 840 797 408 233 61
374 379 591 22 721 742 982 997 308 720 58 93 877 889 494 867 63 574 950 193
382 529 179 329 565 620 543 569 634 918 539 445 284 742 596 478 934
832 626 146 923 326 628 892 352 164 957 64 946 683 353 229 944 334 408 360 206 24 809 738 425 374 978 8 985 555 452 791 330 901 893 87 961 936 179 15 709 293 218 14 260 690 412 145 955 166 896 583 154 399 741 894 889 22 558 942 914 376 531 864
430 145 842
133 81 56 440 947 615 787 242 376 567 398 283 686 936 679 775 294 222 816 238 474 199 489 416 126 321 545 617 928 824 782 182 44 204 95 727 58 273 25 660 655 134 840 452 388 369 654 334 718 221 478 246 391 552 902 8 999 34 853 803 331 163 362 448 497 415 161 778 193 509 417 577 646 630 85 444 263 367 918 212
301 398 319 171 988 956 928 665 609
474 548 185 804 750 19 155 880 248 725 176 253 797 639 830 272 696 362 190 129 876 894 812 450 265 761 332 997 324 116 836 268 653 569 494 172 943 736 464 925 611 425 658 908 669 523 382 817 224 465 75 608 733 819 885 966 573 119 579 216 986 704 572 378 596 584 575 204 971 980 907 390 570 340 93 438 599 401 164 851 855 899 995 609 688 860 655 283 753 501
154 674 135 521 771 826
468 572 902 861 145 146 674 22 722 291 645 948 40 779 12 967 439 488 141 76 148 253 718 857 128 37 990 702 410 310 771 103 864 4 298 711 640 36 862 826 376
