0 10
1 -60
2 -83
3 160
4 101
5 64
6 203
7 273
8 61
9 150
10 -32
11 153
12 39
13 238
14 386
15 254
16 171
17 334
18 237
19 289
20 320
21 278
22 247
23 268
24 106
25 272
26 235
27 335
28 193
29 244
30 199
31 333
32 211
33 324
34 287
35 230
36 216
37 67
38 257
39 320
40 447
41 255
42 316
43 270
44 355
45 229
46 249
47 297
48 251
49 247
50 337
51 -32
52 184
53 227
54 198
55 239
56 303
57 238
58 230
59 211
60 224
61 399
62 196
63 102
64 154
65 186
66 51
67 262
68 319
69 450
70 215
71 261
72 60
73 170
74 65
75 68
76 -38
77 66
78 339
79 254
80 123
81 275
82 168
83 11
84 238
85 354
86 254
87 208
88 274
89 249
90 351
91 274
92 195
93 316
94 -38
95 304
96 247
97 235
98 203
99 193
100 248
101 239
102 332
103 243
104 241
105 295
106 230
107 311
108 297
109 257
110 311
111 291
112 330
113 243
114 498
115 242
116 229
117 313
118 268
119 327
120 161
121 250
122 362
123 40
124 231
125 233
126 232
127 385
128 284
129 332
130 126
131 226
132 236
133 130
134 215
135 167
136 163
137 277
138 278
139 147
140 289
141 242
142 360
143 297
144 189
145 190
146 95
147 299
148 234
149 225
150 276
151 155
152 304
153 174
154 279
155 85
156 167
157 59
158 17
159 147
160 -35
161 -5
162 -102
163 128
164 124
165 229
166 -57
167 -39
168 171
169 -22
170 74
171 237
172 193
173 33
174 282
175 243
176 249
177 176
178 189
179 179
180 201
181 311
182 186
183 229
184 232
185 238
186 208
187 266
188 378
189 179
190 301
191 259
192 250
193 377
194 255
195 299
196 101
197 158
198 213
199 222
200 396
201 244
202 406
203 153
204 183
205 226
206 204
207 265
208 217
209 281
210 275
211 156
212 192
213 269
214 323
215 165
216 190
217 142
218 279
219 234
220 262
221 328
222 155
223 57
224 216
225 -32
226 -85
227 33
228 417
229 189
230 35
231 339
232 311
233 102
234 -52
235 33
236 -11
237 84
238 56
239 17
240 254
241 -74
242 -20
243 300
244 298
245 307
246 324
247 252
248 176
249 106
250 179
251 201
252 160
253 277
254 139
255 232
256 188
257 223
258 266
259 76
260 179
261 160
262 226
263 143
264 178
265 274
266 18
267 190
268 242
269 244
270 338
271 63
272 51
273 -60
274 -62
275 81
276 -51
277 285
278 201
279 265
280 380
281 257
282 219
283 236
284 297
285 339
286 197
287 223
288 199
289 310
290 201
291 191
292 269
293 240
294 241
295 301
296 327
297 333
298 332
299 246
300 183
301 174
302 55
303 204
304 249
305 267
306 156
307 279
308 273
309 99
310 306
311 257
312 225
313 339
314 418
315 180
316 -39
317 83
318 230
319 88
320 31
321 -8
322 43
323 132
324 -11
325 20
326 221
327 10
328 -60
329 -33
330 -5
331 -43
332 148
333 204
334 197
335 251
336 139
337 21
338 152
339 -26
340 136
341 293
342 235
343 354
344 293
345 252
346 -76
347 239
348 72
349 117
350 195
351 345
352 228
353 394
354 259
355 458
356 339
357 257
358 292
359 221
360 329
361 357
362 191
363 148
364 298
365 305
366 297
367 319
368 311
369 291
370 246
371 183
372 240
373 210
374 149
375 261
376 268
377 105
378 379
379 284
380 353
381 359
382 287
383 225
384 292
385 87
386 -15
387 52
388 -33
389 226
390 131
391 -31
392 59
393 348
394 -47
395 11
396 28
397 -101
398 25
399 168
400 37
401 73
402 43
403 118
404 300
405 272
406 325
407 132
408 170
409 67
410 304
411 247
412 214
413 345
414 265
415 276
416 177
417 263
418 311
419 348
420 190
421 -124
422 95
423 57
424 35
425 -51
426 234
427 192
428 249
429 51
430 213
431 -31
432 31
433 64
434 136
435 -16
436 60
437 8
438 260
439 239
440 180
441 356
442 351
443 122
444 208
445 291
446 355
447 266
448 247
449 173
450 288
451 102
452 40
453 278
454 300
455 208
456 238
457 242
458 264
459 6
460 406
461 230
462 259
463 252
464 242
465 368
466 276
467 353
468 364
469 115
470 192
471 263
472 304
473 223
474 62
475 -132
476 257
477 78
478 -20
479 -47
480 347
481 66
482 280
483 214
484 386
485 366
486 326
487 220
488 -40
489 319
490 309
491 324
492 182
493 136
494 196
495 293
496 74
497 118
498 33
499 76
500 22
501 175
502 298
503 158
504 25
505 228
506 186
507 -60
508 -8
509 260
510 236
511 224
512 263
513 279
514 252
515 229
516 220
517 226
518 225
519 408
520 226
521 317
522 102
523 244
524 47
525 206
526 188
527 276
528 310
529 264
530 336
531 413
532 230
533 298
534 127
535 175
536 255
537 352
538 -28
539 241
540 136
541 236
542 267
543 304
544 -20
545 8
546 158
547 47
548 94
549 54
550 121
551 219
552 93
553 305
554 236
555 333
556 146
557 246
558 355
559 174
560 224
561 204
562 236
563 267
564 294
565 188
566 262
567 209
568 306
569 177
570 263
571 276
572 271
573 170
574 284
575 346
576 206
577 245
578 267
579 357
580 267
581 238
582 13
583 92
584 18
585 -31
586 -51
587 -14
588 132
589 235
590 -1
591 -16
592 255
593 10
594 -10
595 19
596 38
597 259
598 175
599 124
600 235
601 199
602 331
603 461
604 223
605 275
606 229
607 309
608 222
609 303
610 157
611 103
612 326
613 337
614 284
615 287
616 309
617 242
618 396
619 288
620 189
621 200
622 192
623 312
624 250
625 236
626 250
627 219
628 289
629 337
630 204
631 280
632 181
633 302
634 220
635 395
636 188
637 262
638 0
639 329
640 308
641 270
642 276
643 271
644 269
645 -25
646 209
647 234
648 131
649 343
650 -16
651 34
652 320
653 168
654 218
655 199
656 184
657 51
658 14
659 1
660 93
661 56
662 148
663 210
664 328
665 10
666 -19
667 -28
668 236
669 247
670 124
671 257
672 199
673 276
674 122
675 139
676 275
677 226
678 259
679 222
680 303
681 166
682 133
683 167
684 358
685 192
686 225
687 363
688 -33
689 196
690 274
691 282
692 236
693 206
694 309
695 120
696 201
697 20
698 70
699 11
700 297
701 122
702 253
703 186
704 344
705 321
706 247
707 350
708 190
709 267
710 57
711 270
712 266
713 262
714 223
715 242
716 324
717 47
718 299
719 256
720 263
721 211
722 221
723 176
724 276
725 315
726 224
727 253
728 219
729 268
730 280
731 176
732 283
733 265
734 157
735 275
736 210
737 332
738 248
739 267
740 66
741 312
742 392
743 138
744 87
745 25
746 -10
747 61
748 -2
749 -25
750 89
751 15
752 17
753 33
754 155
755 -16
756 265
757 215
758 285
759 267
760 250
761 151
762 210
763 283
764 316
765 313
766 311
767 188
768 236
769 162
770 -11
771 40
772 167
773 46
774 186
775 222
776 289
777 410
778 335
779 217
780 244
781 244
782 321
783 208
784 188
785 287
786 251
787 216
788 337
789 276
790 253
791 298
792 241
793 175
794 209
795 312
796 399
797 224
798 413
799 251
800 267
801 280
802 146
803 283
804 292
805 198
806 292
807 217
808 372
809 145
810 111
811 140
812 -1
813 342
814 146
815 -87
816 229
817 14
818 -57
819 133
820 25
821 199
822 49
823 66
824 -6
825 209
826 16
827 -74
828 273
829 320
830 267
831 70
832 151
833 168
834 206
835 243
836 267
837 385
838 188
839 115
840 312
841 277
842 222
843 232
844 282
845 -1
846 -3
847 124
848 21
849 -24
850 163
851 128
852 169
853 299
854 259
855 253
856 -10
857 11
858 -69
859 67
860 33
861 -54
862 203
863 273
864 158
865 247
866 312
867 -49
868 157
869 278
870 238
871 337
872 278
873 227
874 10
875 184
876 179
877 276
878 189
879 178
880 252
881 201
882 138
883 240
884 193
885 312
886 167
887 308
888 283
889 327
890 147
891 307
892 262
893 172
894 229
895 155
896 30
897 110
898 44
899 16
900 136
901 71
902 160
903 25
904 27
905 39
906 -6
907 4
908 135
909 104
910 98
911 -58
912 218
913 222
914 184
915 202
916 14
917 209
918 304
919 35
920 24
921 -96
922 -4
923 53
924 100
925 282
926 215
927 249
928 171
929 272
930 379
931 -33
932 54
933 -60
934 239
935 158
936 238
937 377
938 291
939 -27
940 219
941 238
942 371
943 155
944 225
945 294
946 57
947 179
948 158
949 305
950 178
951 252
952 247
953 138
954 153
955 193
956 346
957 198
958 297
959 217
960 420
961 212
962 333
963 361
964 255
965 247
966 165
967 267
968 142
969 -4
970 -16
971 57
972 -71
973 51
974 51
975 216
976 -39
977 6
978 263
979 -40
980 25
981 85
982 120
983 130
984 87
985 64
986 323
987 353
988 305
989 230
990 240
991 227
992 277
993 239
994 300
995 238
996 319
997 211
998 224
999 312
