0 2755
1 2614
2 2563
3 2894
4 2802
5 2599
6 3164
7 2761
8 2715
9 2852
10 2899
11 2916
12 2959
13 2840
14 2774
15 2689
16 2947
17 2453
18 2675
19 2954
20 2925
21 2781
22 2843
23 2641
24 -53
25 2703
26 2665
27 2979
28 2449
29 2811
30 2856
31 2675
32 2823
33 2690
34 2645
35 2801
36 2675
37 2643
38 2737
39 2841
40 2465
41 2571
42 3075
43 2807
44 3036
45 2961
46 2820
47 2749
48 2676
49 2803
50 3164
51 2703
52 3031
53 2601
54 2696
55 2874
56 2602
57 2956
58 2730
59 2768
60 2491
61 2972
62 2724
63 2627
64 2964
65 3006
66 2487
67 2672
68 2760
69 2431
70 2705
71 2816
72 2903
73 2994
74 2973
75 2854
76 3103
77 2704
78 2722
79 2981
80 2764
81 2726
82 2920
83 2789
84 2835
85 2964
86 2491
87 2719
88 2451
89 2998
90 3087
91 3137
92 3049
93 3041
94 2834
95 2968
96 2366
97 220
98 2449
99 2753
100 2613
101 2668
102 2692
103 2927
104 2627
105 2989
106 2404
107 2477
108 2515
109 2521
110 2618
111 2590
112 2831
113 2715
114 2288
115 2691
116 2371
117 3052
118 2619
119 2565
120 2600
121 2955
122 2559
123 2598
124 2810
125 2816
126 2821
127 2616
128 2677
129 2943
130 3012
131 3024
132 2910
133 2870
134 2860
135 2778
136 2996
137 2526
138 2672
139 2509
140 2641
141 2900
142 2682
143 3536
144 2914
145 2626
146 3193
147 2696
148 2921
149 2905
150 3094
151 2805
152 2638
153 2978
154 2680
155 2694
156 3060
157 2495
158 2555
159 2319
160 2852
161 2826
162 2805
163 2640
164 2732
165 2689
166 2992
167 2847
168 2682
169 2906
170 3064
171 3061
172 2839
173 2803
174 -95
175 2533
176 2971
177 2496
178 2666
179 2718
180 3032
181 2681
182 2779
183 3102
184 2633
185 2993
186 2704
187 2262
188 2591
189 2580
190 2673
191 2995
192 2690
193 2679
194 2493
195 2770
196 2535
197 2911
198 2943
199 3185
200 2889
201 2635
202 2943
203 2745
204 2710
205 2808
206 2912
207 2725
208 2930
209 2781
210 2537
211 2735
212 2744
213 2698
214 2513
215 2687
216 2460
217 2796
218 2693
219 2718
220 2922
221 2662
222 2976
223 2485
224 2805
225 2780
226 3148
227 2737
228 2543
229 3013
230 3116
231 3052
232 2791
233 2770
234 3097
235 2865
236 3050
237 2920
238 2819
239 2760
240 2657
241 2628
242 2276
243 2252
244 3126
245 2772
246 2769
247 2575
248 2920
249 2590
250 2856
251 2611
252 2709
253 2622
254 2491
255 2739
256 2647
257 2613
258 2812
259 2801
260 2950
261 2850
262 2842
263 2531
264 2647
265 2589
266 2949
267 2599
268 2622
269 2718
270 -95
271 2991
272 2970
273 2662
274 2597
275 2624
276 2392
277 2494
278 2778
279 2594
280 2622
281 3017
282 3133
283 2661
284 2558
285 2558
286 2695
287 2643
288 2719
289 3026
290 3153
291 2687
292 2490
293 2801
294 2732
295 2936
296 3217
297 2486
298 2856
299 2798
300 2794
301 2699
302 2767
303 2552
304 2694
305 2927
306 3061
307 2884
308 2470
309 3184
310 2867
311 2906
312 2840
313 2521
314 3039
315 2644
316 2816
317 2668
318 2479
319 2481
320 2616
321 2848
322 3032
323 2535
324 2768
325 2361
326 2900
327 3155
328 2791
329 2893
330 2192
331 2637
332 3016
333 2802
334 2850
335 2632
336 2527
337 2781
338 3461
339 2713
340 2977
341 2927
342 2803
343 2538
344 3294
345 2525
346 2668
347 2323
348 2706
349 2558
350 2770
351 2773
352 2594
353 2886
354 2960
355 2833
356 2877
357 2733
358 2636
359 2930
360 2540
361 2743
362 2942
363 2435
364 3123
365 3058
366 2593
367 2629
368 2818
369 3023
370 2977
371 2690
372 2861
373 2421
374 2726
375 3138
376 2957
377 3030
378 2886
379 2527
380 2738
381 2826
382 2625
383 2590
384 2768
385 2509
386 3025
387 2850
388 2609
389 2768
390 2457
391 2733
392 2577
393 2934
394 3036
395 2394
396 2485
397 2615
398 2613
399 2920
400 2573
401 2876
402 2813
403 2808
404 2570
405 2768
406 2720
407 2504
408 2663
409 2741
410 2518
411 2671
412 2418
413 2651
414 2925
415 2610
416 2643
417 3124
418 2537
419 2691
420 33
421 2812
422 2771
423 2353
424 2510
425 2401
426 2664
427 3014
428 2758
429 2481
430 2946
431 2661
432 2860
433 2791
434 2985
435 2757
436 3149
437 2796
438 2832
439 3009
440 2782
441 2416
442 2700
443 2412
444 2780
445 2173
446 2914
447 2433
448 2904
449 2789
450 2824
451 2994
452 2373
453 2560
454 2915
455 2913
456 2520
457 2703
458 2635
459 2759
460 2843
461 3138
462 2918
463 2872
464 2663
465 2479
466 2605
467 2932
468 2512
469 2945
470 2651
471 2861
472 2647
473 2690
474 2799
475 2682
476 2809
477 2606
478 2263
479 2934
480 3146
481 2993
482 2675
483 2404
484 2887
485 2628
486 2701
487 2472
488 2476
489 2938
490 2645
491 2633
492 2767
493 3149
494 2879
495 2721
496 2922
497 2736
498 2402
499 3052
500 2480
501 2721
502 2956
503 2566
504 3065
505 2493
506 2463
507 3114
508 3009
509 2417
510 2432
511 2948
512 2726
513 2768
514 3002
515 2657
516 2759
517 2537
518 2864
519 2657
520 2740
521 2697
522 2596
523 2498
524 2872
525 3036
526 2686
527 2788
528 2571
529 2732
530 2602
531 3363
532 2472
533 2608
534 2657
535 2839
536 2598
537 3149
538 2839
539 2959
540 2779
541 2558
542 2745
543 2428
544 2704
545 2748
546 2862
547 2740
548 2859
549 2813
550 2949
551 3020
552 2600
553 2804
554 2621
555 3085
556 2855
557 2837
558 3062
559 2889
560 2714
561 2809
562 3300
563 3257
564 2884
565 2544
566 2503
567 2547
568 2642
569 2131
570 2524
571 2407
572 2927
573 3005
574 2591
575 2803
576 2754
577 2815
578 2602
579 2725
580 2321
581 2795
582 2896
583 2775
584 2923
585 2701
586 2863
587 2974
588 3097
589 2644
590 2748
591 2879
592 2848
593 3051
594 2553
595 2768
596 2878
597 3178
598 2429
599 2537
600 2688
601 2585
602 2793
603 2656
604 2708
605 2533
606 2765
607 2971
608 2392
609 2814
610 2650
611 2682
612 2548
613 3048
614 3189
615 2904
616 2567
617 2672
618 2752
619 2758
620 2473
621 2606
622 2741
623 3050
624 2964
625 2761
626 2992
627 3162
628 2856
629 2673
630 2801
631 2480
632 3067
633 2830
634 2765
635 2497
636 2468
637 2840
638 2489
639 2403
640 2690
641 2711
642 2841
643 2385
644 2571
645 2421
646 2273
647 2768
648 2695
649 2806
650 2951
651 2703
652 2712
653 2576
654 2393
655 2866
656 2630
657 3076
658 2812
659 2461
660 2866
661 2550
662 2741
663 2544
664 2633
665 2803
666 2574
667 2943
668 3057
669 2469
670 2724
671 2591
672 3420
673 2512
674 2660
675 3064
676 3113
677 2816
678 2434
679 2779
680 2872
681 2695
682 3041
683 2598
684 2781
685 2979
686 2806
687 3052
688 2977
689 2431
690 2635
691 2767
692 2554
693 3068
694 2585
695 3243
696 2911
697 3109
698 3194
699 2932
700 2605
701 2462
702 2989
703 2868
704 2903
705 2692
706 2604
707 2478
708 2961
709 2448
710 2940
711 2668
712 2992
713 2918
714 2520
715 2428
716 299
717 3182
718 2744
719 2935
720 2655
721 2783
722 2692
723 2758
724 2983
725 2686
726 2509
727 2701
728 2652
729 2467
730 2602
731 2677
732 2906
733 3017
734 2893
735 2657
736 2566
737 2905
738 2399
739 2808
740 2436
741 2958
742 2364
743 2267
744 2907
745 2569
746 3126
747 3007
748 2652
749 2569
750 2696
751 2812
752 2447
753 3030
754 2652
755 2696
756 2942
757 2962
758 2248
759 2945
760 2798
761 2990
762 2745
763 3022
764 2351
765 2952
766 2434
767 2707
768 2615
769 2570
770 3054
771 2878
772 2688
773 3064
774 2834
775 3127
776 2993
777 2517
778 2953
779 2653
780 3100
781 2715
782 2510
783 2796
784 3051
785 2395
786 2557
787 2536
788 2914
789 2713
790 2517
791 2704
792 2778
793 2484
794 2794
795 2690
796 2679
797 2748
798 2815
799 2769
800 2702
801 2716
802 2731
803 2876
804 2802
805 2634
806 2796
807 2795
808 1257
809 2928
810 2708
811 2518
812 2617
813 2633
814 2617
815 2731
816 2729
817 2765
818 2662
819 2949
820 2763
821 2995
822 2627
823 2344
824 2307
825 2987
826 2339
827 2987
828 2694
829 3234
830 2737
831 2828
832 2957
833 2695
834 2830
835 2615
836 2818
837 3097
838 2748
839 2881
840 2543
841 2845
842 2926
843 2927
844 2584
845 2828
846 3002
847 3061
848 2789
849 2930
850 2801
851 2940
852 2903
853 2856
854 2902
855 2854
856 2697
857 2454
858 2688
859 2972
860 2613
861 2537
862 3194
863 2687
864 2716
865 2575
866 -121
867 2501
868 2574
869 2568
870 2846
871 2403
872 3238
873 2681
874 3336
875 2926
876 2656
877 2090
878 2414
879 2554
880 2494
881 2317
882 2743
883 2883
884 2716
885 3019
886 2822
887 2836
888 2934
889 2645
890 2729
891 2852
892 2846
893 2904
894 2546
895 3183
896 3030
897 2732
898 2819
899 2857
900 2709
901 2614
902 2907
903 2822
904 2834
905 3039
906 2609
907 3184
908 2931
909 2943
910 2572
911 2875
912 2910
913 2562
914 2551
915 2984
916 2518
917 3108
918 2703
919 3160
920 2648
921 2787
922 2680
923 2567
924 2836
925 2889
926 2428
927 3486
928 2786
929 2805
930 2607
931 2976
932 2588
933 2531
934 2947
935 3015
936 2679
937 2724
938 2637
939 2699
940 2976
941 3025
942 2580
943 3219
944 2693
945 2881
946 2874
947 2602
948 2222
949 2837
950 3032
951 2715
952 3015
953 2758
954 2913
955 2698
956 2968
957 2599
958 2833
959 2698
960 2746
961 2636
962 2553
963 2634
964 2695
965 2869
966 2361
967 2434
968 2654
969 2683
970 2530
971 2696
972 2621
973 2914
974 2795
975 2965
976 2771
977 2854
978 3080
979 2807
980 2760
981 3046
982 2515
983 2928
984 2860
985 2580
986 2808
987 2581
988 2624
989 2681
990 2963
991 3280
992 2646
993 2746
994 3160
995 2891
996 2784
997 2678
998 2687
999 2585
1000 2237
1001 2464
1002 2801
1003 2767
1004 2851
1005 2542
1006 2393
1007 2900
1008 2768
1009 2352
1010 2794
1011 3218
1012 2800
1013 2852
1014 2491
1015 2589
1016 2908
1017 2845
1018 3016
1019 2620
1020 2509
1021 3042
1022 2690
1023 2577
1024 2745
1025 2990
1026 2353
1027 2836
1028 2401
1029 2625
1030 2702
1031 2674
1032 2776
1033 2795
1034 2655
1035 2628
1036 2461
1037 2767
1038 2837
1039 127
1040 2724
1041 2804
1042 3193
1043 2759
1044 2518
1045 3046
1046 2961
1047 2968
1048 2602
1049 2914
1050 2433
1051 2624
1052 3068
1053 2842
1054 2845
1055 2888
1056 3012
1057 2636
1058 2910
1059 2862
1060 2957
1061 2559
1062 2523
1063 2514
1064 2832
1065 2808
1066 2872
1067 2663
1068 2557
1069 2360
1070 3059
1071 2566
1072 2892
1073 2773
1074 2578
1075 2547
1076 2997
1077 2928
1078 2843
1079 2986
1080 3064
1081 3286
1082 2753
1083 1685
1084 3068
1085 2365
1086 2983
1087 2887
1088 2628
1089 2573
1090 2895
1091 2374
1092 2938
1093 2659
1094 3004
1095 2794
1096 2717
1097 2580
1098 3122
1099 2602
1100 2954
1101 2547
1102 2821
1103 2838
1104 2529
1105 2741
1106 2830
1107 2758
1108 2506
1109 2459
1110 2854
1111 2720
1112 2555
1113 2670
1114 2948
1115 2939
1116 3008
1117 2476
1118 2890
1119 2759
1120 3041
1121 2959
1122 2743
1123 2723
1124 2280
1125 2686
1126 2634
1127 3250
1128 3087
1129 3107
1130 2569
1131 2668
1132 2525
1133 2891
1134 2649
1135 2444
1136 2667
1137 2831
1138 2939
1139 2639
1140 2855
1141 3051
1142 2705
1143 2912
1144 2662
1145 2709
1146 3009
1147 2858
1148 2954
1149 2862
1150 2556
1151 2909
1152 2882
1153 3213
1154 2847
1155 2600
1156 2570
1157 2947
1158 2572
1159 3242
1160 2799
1161 2522
1162 2956
1163 2971
1164 3284
1165 2940
1166 2757
1167 2480
1168 3019
1169 2503
1170 2783
1171 2680
1172 2309
1173 2762
1174 3312
1175 2927
1176 3005
1177 1247
1178 2810
1179 2254
1180 2706
1181 1308
1182 2537
1183 3094
1184 2618
1185 487
1186 2563
1187 2985
1188 2535
1189 2582
1190 2648
1191 2738
1192 2644
1193 2763
1194 2534
1195 2848
1196 3051
1197 2887
1198 2743
1199 2722
1200 2870
1201 2383
1202 2741
1203 2729
1204 2697
1205 2718
1206 2620
1207 2692
1208 2958
1209 2792
1210 2753
1211 2910
1212 2737
1213 2717
1214 2856
1215 2543
1216 2986
1217 2922
1218 2605
1219 2805
1220 2722
1221 2643
1222 2740
1223 2477
1224 2766
1225 2785
1226 2745
1227 2985
1228 3059
1229 2910
1230 2905
1231 2434
1232 2784
1233 2806
1234 2498
1235 2844
1236 2913
1237 2821
1238 2669
1239 2887
1240 2517
1241 2537
1242 2690
1243 2944
1244 2642
1245 2720
1246 2701
1247 2775
1248 2807
1249 2616
1250 2913
1251 2470
1252 2923
1253 2613
1254 2703
1255 2647
1256 2818
1257 2820
1258 2988
1259 2781
1260 2347
1261 2625
1262 2461
1263 2898
1264 2857
1265 2648
1266 3010
1267 2475
1268 2408
1269 3193
1270 2452
1271 2390
1272 2451
1273 2871
1274 2591
1275 3137
1276 2824
1277 2607
1278 2889
1279 2833
1280 2471
1281 2354
1282 2490
1283 2787
1284 2477
1285 2429
1286 3053
1287 2940
1288 2559
1289 2437
1290 2970
1291 2705
1292 2694
1293 2845
1294 3057
1295 2481
1296 2812
1297 2411
1298 3081
1299 3126
1300 2847
1301 3052
1302 2932
1303 2622
1304 2586
1305 2591
1306 2760
1307 2951
1308 2724
1309 2679
1310 2569
1311 2710
1312 2740
1313 3103
1314 3026
1315 3024
1316 3198
1317 2484
1318 2813
1319 2893
1320 3068
1321 2744
1322 2792
1323 2488
1324 2734
1325 2692
1326 3017
1327 2971
1328 2810
1329 2525
1330 2683
1331 2812
1332 2594
1333 2772
1334 3610
1335 2982
1336 2428
1337 2893
1338 2657
1339 2494
1340 2905
1341 2357
1342 2612
1343 2532
1344 2738
1345 2363
1346 2606
1347 2640
1348 2621
1349 2463
1350 2826
1351 2727
1352 2722
1353 2910
1354 2829
1355 2904
1356 2937
1357 2782
1358 2905
1359 2960
1360 2795
1361 2422
1362 2502
1363 2734
1364 2835
1365 2666
1366 2779
1367 2575
1368 2734
1369 3055
1370 2757
1371 2623
1372 2759
1373 2740
1374 2673
1375 2728
1376 2777
1377 2752
1378 2956
1379 2748
1380 2674
1381 2911
1382 2738
1383 3080
1384 2734
1385 2843
1386 3060
1387 2849
1388 2710
1389 2744
1390 2608
1391 2725
1392 3184
1393 2868
1394 2190
1395 2573
1396 2579
1397 2873
1398 2304
1399 2793
1400 2765
1401 2958
1402 2706
1403 2609
1404 2572
1405 2698
1406 2530
1407 2745
1408 2581
1409 2737
1410 2843
1411 2824
1412 2143
1413 2813
1414 2684
1415 2805
1416 2885
1417 2770
1418 3140
1419 2819
1420 2746
1421 2776
1422 2586
1423 2704
1424 2703
1425 2634
1426 2589
1427 2252
1428 3126
1429 2669
1430 3057
1431 2694
1432 3247
1433 2833
1434 2819
1435 2562
1436 2499
1437 2488
1438 2554
1439 2560
1440 2389
1441 2628
1442 3108
1443 2778
1444 2929
1445 2850
1446 2978
1447 2502
1448 2812
1449 2589
1450 3061
1451 2736
1452 2425
1453 2801
1454 2811
1455 2716
1456 2848
1457 2662
1458 2404
1459 2640
1460 2522
1461 2640
1462 2995
1463 2627
1464 2617
1465 2658
1466 2805
1467 2716
1468 2743
1469 2697
1470 2564
1471 2643
1472 2568
1473 2736
1474 2562
1475 2517
1476 2541
1477 2660
1478 2869
1479 2690
1480 2194
1481 3000
1482 2738
1483 2855
1484 3017
1485 1268
1486 2883
1487 2916
1488 2694
1489 2822
1490 2816
1491 2916
1492 2470
1493 2986
1494 2852
1495 2577
1496 2597
1497 2495
1498 2612
1499 2606
1500 2816
1501 2682
1502 2597
1503 2865
1504 2707
1505 2454
1506 2768
1507 2834
1508 2802
1509 2632
1510 3434
1511 2931
1512 2744
1513 2898
1514 2988
1515 2760
1516 2673
1517 2838
1518 2955
1519 2791
1520 2808
1521 2781
1522 3240
1523 2974
1524 2871
1525 2927
1526 2847
1527 2879
1528 3027
1529 2525
1530 2997
1531 2662
1532 2811
1533 2807
1534 2891
1535 2581
1536 2594
1537 3075
1538 2599
1539 2743
1540 2862
1541 2637
1542 2729
1543 2926
1544 2694
1545 2646
1546 2498
1547 2435
1548 2716
1549 3016
1550 2602
1551 2566
1552 2816
1553 3186
1554 2977
1555 2834
1556 2954
1557 2938
1558 2916
1559 3170
1560 2933
1561 2897
1562 2510
1563 2979
1564 2738
1565 2480
1566 2518
1567 2483
1568 2822
1569 2443
1570 2994
1571 2654
1572 2683
1573 2433
1574 2480
1575 2516
1576 2710
1577 2983
1578 3020
1579 2639
1580 2857
1581 2844
1582 2840
1583 2430
1584 2620
1585 3094
1586 2813
1587 2570
1588 3273
1589 2601
1590 2720
1591 2431
1592 2868
1593 2978
1594 2985
1595 2600
1596 3037
1597 3031
1598 2891
1599 2543
1600 2678
1601 3124
1602 3032
1603 2629
1604 3028
1605 2576
1606 3009
1607 2527
1608 2586
1609 2971
1610 2696
1611 2633
1612 2650
1613 2893
1614 2962
1615 2777
1616 2955
1617 2491
1618 2764
1619 2890
1620 2845
1621 2988
1622 2886
1623 2665
1624 2808
1625 2936
1626 2645
1627 2587
1628 2749
1629 2335
1630 3032
1631 2438
1632 2703
1633 3042
1634 2764
1635 2776
1636 2482
1637 2655
1638 3155
1639 2672
1640 3017
1641 2703
1642 2660
1643 2837
1644 2703
1645 2885
1646 2900
1647 2652
1648 2657
1649 2639
1650 2677
1651 2671
1652 2530
1653 2617
1654 2393
1655 2835
1656 2723
1657 2976
1658 2797
1659 2848
1660 2682
1661 2923
1662 2634
1663 2924
1664 2559
1665 2501
1666 2675
1667 2844
1668 3002
1669 2834
1670 2592
1671 2838
1672 2550
1673 2710
1674 2751
1675 2524
1676 2773
1677 3026
1678 2466
1679 2568
1680 3062
1681 2761
1682 2908
1683 2903
1684 2597
1685 2753
1686 2772
1687 2366
1688 2962
1689 2793
1690 3031
1691 2851
1692 2917
1693 2958
1694 2743
1695 3087
1696 2424
1697 2643
1698 2988
1699 2836
1700 2775
1701 3003
1702 2864
1703 2877
1704 2599
1705 2768
1706 2658
1707 2529
1708 3141
1709 2852
1710 2684
1711 2989
1712 2816
1713 2732
1714 3010
1715 2556
1716 2472
1717 2608
1718 2624
1719 2816
1720 2476
1721 3067
1722 2759
1723 2984
1724 2779
1725 2831
1726 2673
1727 2428
1728 2539
1729 2627
1730 2366
1731 2783
1732 2820
1733 2801
1734 2774
1735 2672
1736 2454
1737 2510
1738 2621
1739 2820
1740 2440
1741 2837
1742 2791
1743 2649
1744 2905
1745 2809
1746 2912
1747 2939
1748 2709
1749 2549
1750 2453
1751 2784
1752 2377
1753 2508
1754 2984
1755 2565
1756 2885
1757 2911
1758 3002
1759 2450
1760 2687
1761 2713
1762 3187
1763 3153
1764 2364
1765 2890
1766 3181
1767 2876
1768 2905
1769 2665
1770 2855
1771 2549
1772 3019
1773 2758
1774 2991
1775 2400
1776 2916
1777 3164
1778 2785
1779 2877
1780 2826
1781 3134
1782 2369
1783 2849
1784 2687
1785 2570
1786 2902
1787 2949
1788 2659
1789 2392
1790 3165
1791 2531
1792 2581
1793 2814
1794 2390
1795 2828
1796 2392
1797 3088
1798 2925
1799 3213
1800 2490
1801 2675
1802 2835
1803 2758
1804 2354
1805 2939
1806 2543
1807 2852
1808 2575
1809 2620
1810 2692
1811 3058
1812 2752
1813 2669
1814 2801
1815 2755
1816 2767
1817 3095
1818 2857
1819 2989
1820 2934
1821 2726
1822 2551
1823 2633
1824 2606
1825 2766
1826 2541
1827 2653
1828 2785
1829 2645
1830 2815
1831 3059
1832 2695
1833 2999
1834 2462
1835 3310
1836 2655
1837 3042
1838 2895
1839 3061
1840 2630
1841 2619
1842 2638
1843 2726
1844 2748
1845 2800
1846 2764
1847 2601
1848 2615
1849 2719
1850 2564
1851 2943
1852 2846
1853 2985
1854 2888
1855 3075
1856 2830
1857 2512
1858 2765
1859 2921
1860 2768
1861 2975
1862 2848
1863 2884
1864 3016
1865 2725
1866 3142
1867 3008
1868 2703
1869 3118
1870 2688
1871 2408
1872 2977
1873 2971
1874 2748
1875 2649
1876 2806
1877 2892
1878 2900
1879 2415
1880 2525
1881 2908
1882 2721
1883 2687
1884 2692
1885 2851
1886 2823
1887 2868
1888 2734
1889 2839
1890 3111
1891 2463
1892 2437
1893 2737
1894 3016
1895 2775
1896 2957
1897 2918
1898 2729
1899 2608
1900 2707
1901 2702
1902 3123
1903 2814
1904 2844
1905 2858
1906 2473
1907 2582
1908 3032
1909 2757
1910 2947
1911 2724
1912 2668
1913 2751
1914 2733
1915 3008
1916 2745
1917 2857
1918 2924
1919 2491
1920 2865
1921 2647
1922 2612
1923 2724
1924 2831
1925 2969
1926 2565
1927 2687
1928 3117
1929 2775
1930 2897
1931 2380
1932 2677
1933 2683
1934 2812
1935 2916
1936 2485
1937 3138
1938 2968
1939 2571
1940 2838
1941 2856
1942 2732
1943 2702
1944 2617
1945 3033
1946 2639
1947 2671
1948 2351
1949 2694
1950 2585
1951 2415
1952 2615
1953 2670
1954 2796
1955 2920
1956 2688
1957 2829
1958 2850
1959 2787
1960 2754
1961 2835
1962 2856
1963 2958
1964 3048
1965 2768
1966 2541
1967 2765
1968 2859
1969 3095
1970 2671
1971 2988
1972 3055
1973 2757
1974 2531
1975 2870
1976 2892
1977 2349
1978 2754
1979 2643
1980 3144
1981 2897
1982 2974
1983 2852
1984 3025
1985 2751
1986 2495
1987 3003
1988 3127
1989 2766
1990 2402
1991 2795
1992 2653
1993 3068
1994 2667
1995 2518
1996 2654
1997 2502
1998 2587
1999 2579
2000 3097
2001 2638
2002 2768
2003 2765
2004 2531
2005 2995
2006 2569
2007 2619
2008 2620
2009 2445
2010 2610
2011 3027
2012 2911
2013 2886
2014 2719
2015 2492
2016 2584
2017 2554
2018 2823
2019 3035
2020 2883
2021 3156
2022 2681
2023 2746
2024 2543
2025 2989
2026 2623
2027 2715
2028 2760
2029 2974
2030 3120
2031 2714
2032 2789
2033 2778
2034 2769
2035 2940
2036 2604
2037 2698
2038 2693
2039 2499
2040 2757
2041 2736
2042 2479
2043 2548
2044 2756
2045 2938
2046 2992
2047 3060
2048 2466
2049 2517
2050 2537
2051 2708
2052 2703
2053 2624
2054 2969
2055 2544
2056 2942
2057 2681
2058 2825
2059 2677
2060 2657
2061 2483
2062 2627
2063 2522
2064 2461
2065 2855
2066 2651
2067 2795
2068 2716
2069 3121
2070 2948
2071 3102
2072 3122
2073 2376
2074 2729
2075 2852
2076 2939
2077 2513
2078 2501
2079 3092
2080 3121
2081 2895
2082 2676
2083 2592
2084 2664
2085 2704
2086 2590
2087 2997
2088 2693
2089 3513
2090 2720
2091 2806
2092 2856
2093 3097
2094 3140
2095 2608
2096 3126
2097 2597
2098 2778
2099 2707
2100 2475
2101 2682
2102 3079
2103 2859
2104 2751
2105 2777
2106 3020
2107 3028
2108 2489
2109 2535
2110 2451
2111 2811
2112 2557
2113 2793
2114 2509
2115 2921
2116 2870
2117 2841
2118 2889
2119 2615
2120 2773
2121 2955
2122 2668
2123 2808
2124 2885
2125 3025
2126 2518
2127 2954
2128 2693
2129 2528
2130 2530
2131 2907
2132 2670
2133 2736
2134 2776
2135 2481
2136 2940
2137 2464
2138 2683
2139 2579
2140 2968
2141 2686
2142 2637
2143 2862
2144 2416
2145 2853
2146 2715
2147 2797
2148 2646
2149 2499
2150 2261
2151 2424
2152 2752
2153 2704
2154 2530
2155 2896
2156 2536
2157 2625
2158 2872
2159 3079
2160 2950
2161 2854
2162 3035
2163 2913
2164 2740
2165 2510
2166 2849
2167 2907
2168 2514
2169 2950
2170 2990
2171 2822
2172 2624
2173 3010
2174 3132
2175 2749
2176 2646
2177 3132
2178 2944
2179 2591
2180 2784
2181 2426
2182 2967
2183 2876
2184 2794
2185 2905
2186 2430
2187 2620
2188 2858
2189 2823
2190 2367
2191 2900
2192 2711
2193 2531
2194 2807
2195 2604
2196 2570
2197 2746
2198 2659
2199 2856
2200 3283
2201 2809
2202 2675
2203 2810
2204 2738
2205 3093
2206 2793
2207 2795
2208 2555
2209 2843
2210 2861
2211 2945
2212 2896
2213 2696
2214 2429
2215 2835
2216 2854
2217 2736
2218 2879
2219 2580
2220 3045
2221 2606
2222 2607
2223 2709
2224 3047
2225 2946
2226 2618
2227 2673
2228 2916
2229 2513
2230 3022
2231 2788
2232 2335
2233 2854
2234 2292
2235 2543
2236 2969
2237 2903
2238 2927
2239 2561
2240 2945
2241 2406
2242 2922
2243 2906
2244 2924
2245 2532
2246 2363
2247 2609
2248 2832
2249 2815
2250 2300
2251 2968
2252 2557
2253 2711
2254 2712
2255 2548
2256 2617
2257 2307
2258 2680
2259 2666
2260 2420
2261 2429
2262 3049
2263 2885
2264 2402
2265 2647
2266 2834
2267 2767
2268 2740
2269 2320
2270 3262
2271 2805
2272 2834
2273 2592
2274 2895
2275 2779
2276 2783
2277 2659
2278 2646
2279 2856
2280 2636
2281 2509
2282 2818
2283 2550
2284 2527
2285 2801
2286 2784
2287 2989
2288 2868
2289 2451
2290 2292
2291 2962
2292 2624
2293 3002
2294 2849
2295 2720
2296 2684
2297 2833
2298 3062
2299 2800
2300 2809
2301 2920
2302 2968
2303 2960
2304 3032
2305 2861
2306 2743
2307 2306
2308 2858
2309 2741
2310 2865
2311 2969
2312 2775
2313 3099
2314 2863
2315 2816
2316 2861
2317 2791
2318 2887
2319 2503
2320 2228
2321 2913
2322 2779
2323 2548
2324 2774
2325 3137
2326 2885
2327 2961
2328 2828
2329 2490
2330 2461
2331 2700
2332 2746
2333 2406
2334 2456
2335 2869
2336 2471
2337 2883
2338 2649
2339 2316
2340 2609
2341 2873
2342 2593
2343 2762
2344 2807
2345 2522
2346 2965
2347 2230
2348 2923
2349 2601
2350 2766
2351 3043
2352 2832
2353 2650
2354 2901
2355 2658
2356 2492
2357 2891
2358 2679
2359 2693
2360 2717
2361 2668
2362 2692
2363 2750
2364 3047
2365 2611
2366 2622
2367 3094
2368 2670
2369 2767
2370 2686
2371 2897
2372 2931
2373 2629
2374 2603
2375 2489
2376 2605
2377 2557
2378 2534
2379 2773
2380 2913
2381 2998
2382 2743
2383 2953
2384 2968
2385 2602
2386 2884
2387 2956
2388 2816
2389 2718
2390 2337
2391 2714
2392 2935
2393 2957
2394 3176
2395 2934
2396 2941
2397 2717
2398 2906
2399 2444
2400 3026
2401 2806
2402 3040
2403 2490
2404 2675
2405 2247
2406 2776
2407 2477
2408 2840
2409 2316
2410 2798
2411 2461
2412 2650
2413 2744
2414 2807
2415 2404
2416 2669
2417 2912
2418 3150
2419 2767
2420 2851
2421 2821
2422 2669
2423 2735
2424 2415
2425 2537
2426 2372
2427 2591
2428 2775
2429 2910
2430 3291
2431 2858
2432 2631
2433 2482
2434 2702
2435 2801
2436 2752
2437 2562
2438 3030
2439 2508
2440 3108
2441 2699
2442 3063
2443 2784
2444 2412
2445 2783
2446 2882
2447 2921
2448 3045
2449 2741
2450 2962
2451 2475
2452 2424
2453 2969
2454 2452
2455 3222
2456 2825
2457 2579
2458 2742
2459 2830
2460 2348
2461 2506
2462 2861
2463 3036
2464 2969
2465 2445
2466 2884
2467 2805
2468 2336
2469 2517
2470 2726
2471 2827
2472 2779
2473 2607
2474 2566
2475 2607
2476 2694
2477 2688
2478 2871
2479 2488
2480 2631
2481 2657
2482 2415
2483 3109
2484 2850
2485 2721
2486 2668
2487 2702
2488 2639
2489 2412
2490 2674
2491 2629
2492 2696
2493 2850
2494 2587
2495 2509
2496 2490
2497 3085
2498 2876
2499 2837
2500 2605
2501 2684
2502 2576
2503 2537
2504 2702
2505 3123
2506 2842
2507 2650
2508 2858
2509 2271
2510 2582
2511 2647
2512 2810
2513 2576
2514 2869
2515 3126
2516 2663
2517 2967
2518 3084
2519 2678
2520 2540
2521 3136
2522 2595
2523 2494
2524 2653
2525 2715
2526 2612
2527 2613
2528 2769
2529 2948
2530 2623
2531 3166
2532 2644
2533 2547
2534 2826
2535 2771
2536 2505
2537 2821
2538 3081
2539 2739
2540 3112
2541 2802
2542 2966
2543 2492
2544 2695
2545 2408
2546 2526
2547 2638
2548 3045
2549 2639
2550 2666
2551 2741
2552 2789
2553 2835
2554 2688
2555 2673
2556 2906
2557 2890
2558 2269
2559 2782
2560 2721
2561 2986
2562 2801
2563 2421
2564 1376
2565 2260
2566 2847
2567 3048
2568 2768
2569 -52
2570 2794
2571 2859
2572 3067
2573 2671
2574 2608
2575 2414
2576 2713
2577 2675
2578 2957
2579 2912
2580 2739
2581 2873
2582 2823
2583 2775
2584 3120
2585 2580
2586 3029
2587 2853
2588 2599
2589 2555
2590 2797
2591 3127
2592 2440
2593 2435
2594 2917
2595 2505
2596 2472
2597 2571
2598 3178
2599 2725
2600 2701
2601 2794
2602 2857
2603 2693
2604 2662
2605 2578
2606 2636
2607 2444
2608 3141
2609 2660
2610 2678
2611 2565
2612 2878
2613 2728
2614 3027
2615 3038
2616 2886
2617 3100
2618 2540
2619 2419
2620 2718
2621 2667
2622 2530
2623 2750
2624 2626
2625 2771
2626 2562
2627 2670
2628 3423
2629 2623
2630 2701
2631 2929
2632 2690
2633 3165
2634 2714
2635 3023
2636 2778
2637 3113
2638 2703
2639 2784
2640 2486
2641 2199
2642 171
2643 2970
2644 2620
2645 2640
2646 2923
2647 2617
2648 2604
2649 2861
2650 2838
2651 2366
2652 2808
2653 2592
2654 2779
2655 2703
2656 2274
2657 2777
2658 2604
2659 2698
2660 2569
2661 2922
2662 2799
2663 2770
2664 2732
2665 2798
2666 2526
2667 2929
2668 2986
2669 2804
2670 2700
2671 2950
2672 2919
2673 2857
2674 3229
2675 2737
2676 2621
2677 2475
2678 2883
2679 2612
2680 2495
2681 2554
2682 2491
2683 2914
2684 2847
2685 2828
2686 2597
2687 3341
2688 2552
2689 2677
2690 2712
2691 2675
2692 2624
2693 2865
2694 2774
2695 2720
2696 2735
2697 3140
2698 2841
2699 2899
2700 2597
2701 2505
2702 2795
2703 2684
2704 2631
2705 2996
2706 2589
2707 2586
2708 2556
2709 2873
2710 2847
2711 2930
2712 2543
2713 2873
2714 2933
2715 2478
2716 2986
2717 2646
2718 2857
2719 2902
2720 2454
2721 3070
2722 2599
2723 2642
2724 2771
2725 2676
2726 2616
2727 2970
2728 2694
2729 2603
2730 2728
2731 2650
2732 2930
2733 2323
2734 3107
2735 2670
2736 2671
2737 2546
2738 2481
2739 2661
2740 2764
2741 2497
2742 2485
2743 3313
2744 2894
2745 2429
2746 3033
2747 2653
2748 2761
2749 2574
2750 2508
2751 2483
2752 2826
2753 2805
2754 3082
2755 3097
2756 2704
2757 2658
2758 2721
2759 2607
2760 2491
2761 2903
2762 3079
2763 2743
2764 2803
2765 2954
2766 2961
2767 2805
2768 2713
2769 3098
2770 2923
2771 2691
2772 3086
2773 2540
2774 2714
2775 2673
2776 2868
2777 3132
2778 2812
2779 2722
2780 3048
2781 2816
2782 2798
2783 2706
2784 2745
2785 3114
2786 2987
2787 2530
2788 3217
2789 2875
2790 3023
2791 2666
2792 2223
2793 2523
2794 2710
2795 2516
2796 2972
2797 2920
2798 2612
2799 2876
2800 2614
2801 2547
2802 2982
2803 3002
2804 2809
2805 2920
2806 2667
2807 2738
2808 2933
2809 2454
2810 2817
2811 2496
2812 2768
2813 2984
2814 3104
2815 2720
2816 2860
2817 3282
2818 2628
2819 3087
2820 2736
2821 2997
2822 2861
2823 2672
2824 2553
2825 2580
2826 2660
2827 2837
2828 2570
2829 2900
2830 3174
2831 2742
2832 2980
2833 2758
2834 2580
2835 2591
2836 3151
2837 2842
2838 2815
2839 2769
2840 2691
2841 3117
2842 2508
2843 2724
2844 2335
2845 2878
2846 2844
2847 2823
2848 2530
2849 2363
2850 2869
2851 2659
2852 3108
2853 2874
2854 2486
2855 2508
2856 2478
2857 2842
2858 3017
2859 2695
2860 2565
2861 2825
2862 2751
2863 2568
2864 2429
2865 3214
2866 2736
2867 2679
2868 2693
2869 3002
2870 2767
2871 3092
2872 2585
2873 2799
2874 2809
2875 2725
2876 3099
2877 2485
2878 2883
2879 2796
2880 2424
2881 2646
2882 3228
2883 2472
2884 2657
2885 3003
2886 2725
2887 3114
2888 2711
2889 2670
2890 3068
2891 2483
2892 3061
2893 2591
2894 2973
2895 2989
2896 2869
2897 2614
2898 2660
2899 3089
2900 2838
2901 3022
2902 2624
2903 2670
2904 2758
2905 3171
2906 2803
2907 3042
2908 2830
2909 2567
2910 2455
2911 2988
2912 2878
2913 2671
2914 2305
2915 2740
2916 2605
2917 2868
2918 2789
2919 2627
2920 2970
2921 2305
2922 2545
2923 3512
2924 2565
2925 2955
2926 2548
2927 2534
2928 3033
2929 2635
2930 2995
2931 2968
2932 2490
2933 2285
2934 2445
2935 2784
2936 2778
2937 2835
2938 2896
2939 2866
2940 2719
2941 2631
2942 2845
2943 2711
2944 2677
2945 2713
2946 2762
2947 3076
2948 2641
2949 2890
2950 2685
2951 3129
2952 2601
2953 2665
2954 3070
2955 2654
2956 2961
2957 2803
2958 2859
2959 2700
2960 2671
2961 2785
2962 3053
2963 2877
2964 2692
2965 172
2966 2497
2967 2849
2968 2597
2969 2681
2970 2500
2971 3001
2972 2866
2973 3138
2974 3006
2975 2931
2976 2873
2977 2624
2978 2596
2979 2983
2980 2766
2981 2590
2982 3026
2983 2687
2984 2584
2985 2763
2986 2841
2987 2640
2988 2602
2989 2914
2990 2543
2991 2816
2992 2687
2993 2522
2994 2757
2995 2935
2996 2818
2997 3124
2998 2573
2999 2567
3000 2920
3001 3120
3002 2960
3003 2817
3004 2537
3005 2462
3006 2823
3007 2853
3008 2618
3009 2650
3010 2618
3011 2840
3012 2570
3013 2565
3014 2765
3015 2935
3016 2797
3017 2982
3018 2353
3019 3049
3020 2511
3021 3029
3022 2861
3023 3099
3024 2845
3025 2585
3026 2644
3027 2995
3028 1545
3029 2635
3030 2591
3031 2978
3032 2824
3033 3248
3034 2714
3035 2802
3036 2482
3037 2957
3038 2610
3039 2752
3040 2931
3041 2624
3042 2616
3043 2887
3044 2323
3045 2931
3046 2718
3047 2483
3048 2832
3049 2642
3050 2944
3051 2884
3052 2784
3053 2898
3054 2688
3055 2701
3056 2997
3057 3041
3058 2690
3059 2809
3060 2579
3061 3014
3062 3168
3063 2567
3064 3012
3065 2630
3066 2992
3067 2734
3068 2692
3069 2851
3070 2579
3071 2166
3072 2681
3073 2839
3074 2827
3075 2671
3076 2981
3077 2594
3078 2612
3079 2592
3080 2688
3081 3250
3082 2488
3083 2921
3084 2996
3085 2878
3086 2770
3087 2572
3088 2725
3089 2697
3090 2587
3091 2616
3092 3005
3093 2616
3094 2947
3095 2912
3096 2981
3097 2826
3098 2509
3099 2710
3100 3008
3101 2857
3102 2884
3103 3104
3104 2865
3105 2581
3106 3317
3107 3046
3108 2729
3109 2961
3110 2711
3111 2423
3112 3061
3113 2394
3114 2758
3115 2479
3116 2576
3117 2814
3118 2846
3119 2883
3120 2809
3121 3084
3122 2523
3123 2736
3124 3018
3125 2775
3126 2762
3127 2595
3128 2872
3129 3089
3130 2624
3131 2552
3132 2755
3133 2377
3134 2779
3135 2906
3136 2765
3137 2598
3138 2796
3139 2536
3140 2614
3141 3038
3142 2644
3143 2784
3144 2685
3145 3116
3146 2690
3147 2979
3148 3185
3149 2707
3150 2837
3151 2667
3152 2843
3153 2735
3154 2802
3155 2826
3156 2808
3157 3008
3158 2686
3159 2978
3160 2705
3161 2623
3162 2757
3163 2643
3164 2888
3165 2677
3166 2895
3167 2828
3168 2603
3169 2789
3170 2676
3171 2610
3172 2700
3173 2841
3174 3053
3175 2462
3176 2164
3177 3038
3178 2414
3179 2713
3180 2654
3181 2920
3182 2711
3183 2568
3184 3014
3185 2638
3186 2540
3187 3144
3188 2954
3189 2679
3190 2501
3191 2348
3192 2756
3193 3092
3194 2543
3195 2876
3196 2678
3197 2866
3198 2680
3199 2746
3200 2785
3201 3006
3202 2779
3203 3035
3204 2894
3205 2857
3206 2294
3207 2641
3208 2598
3209 2989
3210 2713
3211 2674
3212 2599
3213 3162
3214 2967
3215 2481
3216 2709
3217 2741
3218 2582
3219 2490
3220 3100
3221 2698
3222 2419
3223 2513
3224 2803
3225 2554
3226 2518
3227 2761
3228 2808
3229 2706
3230 2670
3231 2590
3232 2579
3233 3000
3234 2935
3235 2778
3236 3065
3237 2814
3238 2932
3239 2483
3240 2530
3241 2956
3242 2885
3243 2163
3244 2709
3245 2504
3246 2583
3247 2769
3248 2652
3249 2761
3250 2871
3251 2616
3252 2730
3253 2909
3254 2621
3255 2847
3256 2981
3257 2851
3258 2223
3259 2682
3260 2936
3261 -272
3262 2995
3263 1432
3264 2922
3265 2799
3266 2770
3267 2721
3268 2657
3269 2444
3270 3004
3271 2963
3272 2804
3273 2770
3274 2676
3275 2643
3276 2993
3277 2872
3278 2719
3279 2608
3280 2640
3281 2784
3282 3009
3283 3025
3284 2554
3285 2514
3286 3041
3287 2847
3288 2828
3289 2579
3290 3360
3291 2883
3292 2712
3293 2535
3294 2994
3295 2624
3296 2543
3297 3004
3298 2784
3299 2526
3300 2870
3301 2578
3302 2750
3303 2626
3304 2780
3305 2940
3306 2681
3307 3090
3308 3012
3309 2544
3310 2586
3311 2791
3312 2463
3313 2747
3314 2566
3315 2801
3316 2697
3317 3182
3318 2711
3319 2731
3320 2771
3321 2815
3322 2683
3323 2631
3324 2686
3325 2862
3326 2642
3327 2721
3328 2522
3329 3176
3330 2970
3331 2802
3332 2801
3333 2728
3334 2650
3335 2812
3336 2323
3337 2605
3338 2688
3339 2707
3340 2941
3341 2841
3342 2051
3343 3008
3344 3111
3345 3079
3346 2510
3347 2894
3348 2657
3349 3025
3350 2845
3351 2761
3352 2642
3353 2694
3354 2894
3355 2879
3356 2805
3357 3245
3358 3305
3359 2951
3360 3243
3361 2709
3362 3326
3363 2666
3364 2327
3365 2714
3366 2967
3367 2498
3368 2790
3369 3292
3370 2635
3371 2950
3372 2858
3373 3029
3374 2541
3375 2634
3376 2659
3377 2828
3378 2762
3379 2625
3380 3009
3381 2770
3382 2906
3383 2856
3384 2513
3385 2910
3386 2719
3387 3196
3388 2969
3389 2526
3390 2567
3391 2735
3392 2850
3393 2964
3394 2845
3395 2246
3396 2732
3397 2947
3398 2516
3399 2483
3400 3219
3401 2692
3402 2879
3403 2630
3404 3034
3405 2636
3406 2765
3407 2474
3408 3141
3409 2481
3410 2959
3411 304
3412 2465
3413 2513
3414 2419
3415 2839
3416 2333
3417 2954
3418 3067
3419 2480
3420 2969
3421 2360
3422 2578
3423 2835
3424 2800
3425 2832
3426 3129
3427 2787
3428 2333
3429 2488
3430 2745
3431 2660
3432 2900
3433 2945
3434 2675
3435 3391
3436 2758
3437 2782
3438 2591
3439 2772
3440 2461
3441 2902
3442 3009
3443 2919
3444 2548
3445 2715
3446 2676
3447 2951
3448 2402
3449 2487
3450 3023
3451 2788
3452 2770
3453 2869
3454 2772
3455 2960
3456 2920
3457 2671
3458 2418
3459 2779
3460 2724
3461 2744
3462 2744
3463 2504
3464 2487
3465 2545
3466 2642
3467 2358
3468 2907
3469 2675
3470 2442
3471 2994
3472 2660
3473 2623
3474 3092
3475 2604
3476 2893
3477 2809
3478 2987
3479 2829
3480 2606
3481 2830
3482 2575
3483 2344
3484 2905
3485 2719
3486 2460
3487 2527
3488 2650
3489 2866
3490 3199
3491 2180
3492 2858
3493 2946
3494 2513
3495 2676
3496 2775
3497 3160
3498 2578
3499 2747
3500 2495
3501 2831
3502 2887
3503 2775
3504 2596
3505 2371
3506 2711
3507 2248
3508 2932
3509 3042
3510 2557
3511 2786
3512 2766
3513 3233
3514 2461
3515 2853
3516 2619
3517 2314
3518 2740
3519 2592
3520 2511
3521 2858
3522 2713
3523 2986
3524 2903
3525 2881
3526 3359
3527 2789
3528 2901
3529 3102
3530 2950
3531 2230
3532 2606
3533 2725
3534 3070
3535 2761
3536 2810
3537 2517
3538 3035
3539 2789
3540 2832
3541 2617
3542 2728
3543 2832
3544 2722
3545 2814
3546 2711
3547 2877
3548 2825
3549 2552
3550 2693
3551 2875
3552 2862
3553 2402
3554 2758
3555 2557
3556 2656
3557 2629
3558 2852
3559 2961
3560 2611
3561 2676
3562 2705
3563 2671
3564 2534
3565 2947
3566 2899
3567 2633
3568 2776
3569 2413
3570 2602
3571 2678
3572 2833
3573 2823
3574 2678
3575 2594
3576 2807
3577 2645
3578 2879
3579 2868
3580 2362
3581 2890
3582 2906
3583 2766
3584 2533
3585 2913
3586 2819
3587 2691
3588 2715
3589 2953
3590 2655
3591 2815
3592 2599
3593 2527
3594 2584
3595 3198
3596 2650
3597 3075
3598 2879
3599 2489
3600 2770
3601 2689
3602 2615
3603 2920
3604 3017
3605 2732
3606 2851
3607 2195
3608 2462
3609 3088
3610 2876
3611 2944
3612 2396
3613 2636
3614 2764
3615 2770
3616 2849
3617 2768
3618 2523
3619 2497
3620 3003
3621 2977
3622 3030
3623 2719
3624 3368
3625 2614
3626 3099
3627 2936
3628 2762
3629 2789
3630 2811
3631 2824
3632 2774
3633 2687
3634 2961
3635 2900
3636 2419
3637 2923
3638 2743
3639 3156
3640 3140
3641 2187
3642 3107
3643 2686
3644 2338
3645 2735
3646 2848
3647 2236
3648 2969
3649 2820
3650 2397
3651 2534
3652 2757
3653 2944
3654 2811
3655 2991
3656 2837
3657 11
3658 2718
3659 2577
3660 2801
3661 3013
3662 2871
3663 2979
3664 2868
3665 2840
3666 2412
3667 2884
3668 2804
3669 2991
3670 2734
3671 2753
3672 2782
3673 2412
3674 2253
3675 2512
3676 2696
3677 3080
3678 2321
3679 2604
3680 2566
3681 2329
3682 2751
3683 2658
3684 2605
3685 2466
3686 2891
3687 2777
3688 2878
3689 2770
3690 2454
3691 2492
3692 2671
3693 2821
3694 2767
3695 2647
3696 3143
3697 2461
3698 2637
3699 2775
3700 2767
3701 2663
3702 3028
3703 2950
3704 2512
3705 2936
3706 2440
3707 2890
3708 2581
3709 2920
3710 2596
3711 2759
3712 2509
3713 2711
3714 2444
3715 3061
3716 2394
3717 2674
3718 2616
3719 2620
3720 2659
3721 2880
3722 2939
3723 2510
3724 2653
3725 2611
3726 2966
3727 2447
3728 2995
3729 2887
3730 -14
3731 2654
3732 2684
3733 2461
3734 2552
3735 2755
3736 2971
3737 2895
3738 2619
3739 2960
3740 2660
3741 2890
3742 2688
3743 2841
3744 2623
3745 2986
3746 2404
3747 2461
3748 2553
3749 2690
3750 2861
3751 2886
3752 2819
3753 2706
3754 2667
3755 3131
3756 2735
3757 2762
3758 2618
3759 2818
3760 3166
3761 2579
3762 2957
3763 2932
3764 2849
3765 2844
3766 2988
3767 2806
3768 2889
3769 2477
3770 3075
3771 2698
3772 2726
3773 2731
3774 2610
3775 2942
3776 3165
3777 2926
3778 2724
3779 2390
3780 2625
3781 3140
3782 2705
3783 3093
3784 2867
3785 2868
3786 2806
3787 2727
3788 2825
3789 2674
3790 2821
3791 2298
3792 3027
3793 2426
3794 2465
3795 2393
3796 2863
3797 2265
3798 2876
3799 2678
3800 2741
3801 2815
3802 2607
3803 70
3804 2821
3805 2653
3806 2716
3807 2337
3808 2624
3809 2691
3810 2561
3811 2435
3812 2710
3813 2685
3814 2843
3815 3020
3816 2815
3817 2967
3818 2376
3819 3025
3820 2731
3821 3113
3822 2510
3823 3028
3824 2746
3825 2649
3826 2929
3827 2970
3828 2620
3829 2661
3830 2497
3831 2713
3832 2604
3833 2682
3834 2873
3835 2867
3836 2881
3837 3021
3838 2778
3839 3112
3840 2814
3841 2635
3842 2501
3843 2363
3844 3075
3845 2649
3846 2798
3847 2761
3848 2986
3849 2775
3850 2700
3851 2948
3852 2529
3853 2770
3854 2999
3855 3062
3856 2538
3857 2975
3858 2507
3859 2981
3860 2918
3861 2466
3862 2778
3863 2927
3864 2323
3865 3093
3866 2532
3867 2914
3868 2739
3869 3133
3870 2811
3871 3071
3872 2552
3873 2597
3874 2790
3875 2675
3876 2577
3877 2676
3878 2774
3879 2609
3880 2850
3881 2909
3882 2803
3883 2792
3884 2750
3885 2607
3886 2795
3887 2380
3888 2335
3889 2767
3890 2816
3891 2662
3892 2786
3893 2629
3894 2610
3895 2734
3896 2531
3897 2873
3898 2717
3899 2581
3900 3049
3901 2784
3902 3194
3903 2468
3904 2463
3905 2458
3906 2930
3907 2401
3908 2690
3909 2483
3910 3165
3911 2842
3912 2727
3913 2617
3914 3040
3915 2447
3916 2987
3917 2810
3918 2740
3919 2697
3920 2865
3921 2651
3922 2731
3923 3007
3924 2866
3925 2993
3926 2649
3927 2621
3928 2602
3929 2516
3930 3112
3931 2653
3932 3062
3933 2894
3934 2857
3935 3109
3936 2722
3937 2915
3938 2800
3939 2572
3940 2592
3941 2857
3942 2640
3943 2725
3944 2624
3945 2051
3946 2924
3947 2813
3948 2824
3949 2913
3950 2948
3951 2816
3952 2577
3953 3192
3954 2429
3955 2677
3956 2552
3957 2756
3958 2461
3959 2769
3960 2428
3961 2938
3962 2947
3963 3080
3964 2709
3965 2546
3966 2666
3967 2425
3968 2782
3969 3003
3970 2960
3971 2726
3972 3145
3973 2803
3974 2771
3975 2789
3976 2867
3977 2725
3978 2696
3979 3058
3980 3079
3981 2931
3982 2720
3983 3009
3984 2897
3985 2924
3986 2999
3987 2574
3988 2858
3989 2951
3990 2828
3991 3161
3992 2691
3993 3152
3994 2878
3995 2900
3996 2724
3997 2900
3998 2688
3999 3042
4000 3018
4001 3246
4002 2490
4003 2566
4004 2775
4005 2908
4006 2630
4007 2724
4008 2343
4009 2756
4010 2663
4011 2846
4012 2481
4013 2979
4014 2543
4015 2712
4016 2848
4017 2510
4018 2616
4019 2717
4020 2751
4021 2674
4022 2771
4023 2843
4024 2864
4025 2707
4026 2928
4027 2784
4028 2619
4029 2973
4030 2725
4031 2528
4032 2613
4033 2463
4034 2777
4035 2701
4036 2623
4037 2876
4038 2426
4039 2749
4040 2790
4041 2693
4042 2950
4043 2699
4044 3096
4045 3010
4046 2756
4047 2965
4048 2838
4049 2888
4050 2676
4051 2364
4052 2487
4053 2725
4054 2583
4055 2826
4056 2591
4057 3208
4058 2498
4059 2725
4060 2741
4061 2596
4062 2883
4063 2796
4064 2664
4065 2882
4066 3023
4067 2278
4068 2392
4069 2455
4070 2423
4071 3067
4072 2869
4073 2643
4074 3010
4075 2641
4076 2623
4077 2731
4078 2785
4079 2804
4080 2523
4081 2614
4082 2596
4083 2979
4084 2941
4085 3052
4086 2605
4087 3087
4088 2699
4089 3051
4090 2554
4091 2657
4092 2830
4093 3162
4094 2674
4095 3037
4096 2946
4097 2622
4098 2624
4099 2573
4100 2796
4101 2781
4102 2903
4103 2711
4104 2944
4105 2542
4106 2716
4107 3237
4108 2886
4109 3240
4110 2248
4111 2816
4112 3042
4113 2557
4114 2607
4115 2549
4116 3233
4117 2560
4118 2637
4119 2780
4120 2778
4121 2822
4122 2862
4123 2686
4124 2958
4125 2534
4126 2873
4127 2940
4128 2808
4129 2947
4130 2906
4131 2901
4132 2641
4133 2867
4134 2274
4135 2860
4136 3125
4137 2997
4138 2880
4139 2810
4140 2517
4141 2894
4142 3219
4143 2691
4144 3100
4145 2960
4146 3182
4147 2520
4148 2806
4149 2587
4150 2497
4151 2817
4152 2580
4153 2693
4154 2875
4155 2862
4156 2354
4157 2784
4158 2709
4159 2656
4160 2778
4161 2890
4162 2681
4163 3240
4164 2802
4165 2952
4166 2686
4167 3122
4168 2910
4169 2801
4170 2438
4171 2854
4172 2413
4173 2349
4174 2824
4175 2760
4176 396
4177 2461
4178 2637
4179 2807
4180 2586
4181 2526
4182 2868
4183 3043
4184 2738
4185 3005
4186 2899
4187 2500
4188 3078
4189 2472
4190 3045
4191 2896
4192 2675
4193 1412
4194 2926
4195 2379
4196 2527
4197 2768
4198 2725
4199 2547
4200 3109
4201 2879
4202 2360
4203 2988
4204 2890
4205 2647
4206 2627
4207 3122
4208 2708
4209 2824
4210 2617
4211 2863
4212 2617
4213 2714
4214 2694
4215 2613
4216 2869
4217 2866
4218 2714
4219 2923
4220 2611
4221 2773
4222 2459
4223 2700
4224 2650
4225 2874
4226 2894
4227 2936
4228 3206
4229 2828
4230 2534
4231 2695
4232 2893
4233 2575
4234 2937
4235 2824
4236 2741
4237 2898
4238 2322
4239 2521
4240 2926
4241 2927
4242 2932
4243 2870
4244 2468
4245 3098
4246 2786
4247 2567
4248 2947
4249 2904
4250 2903
4251 2504
4252 2664
4253 2787
4254 2826
4255 2454
4256 2777
4257 2987
4258 2905
4259 3088
4260 2914
4261 2655
4262 2234
4263 2650
4264 2983
4265 3405
4266 2585
4267 2566
4268 2808
4269 2849
4270 2640
4271 2387
4272 2782
4273 3036
4274 2714
4275 2758
4276 2545
4277 2843
4278 2783
4279 2838
4280 3080
4281 2863
4282 2741
4283 2823
4284 2488
4285 2857
4286 2866
4287 2935
4288 2571
4289 2594
4290 3022
4291 3180
4292 2580
4293 3116
4294 2984
4295 2746
4296 2353
4297 2857
4298 2658
4299 2830
4300 2669
4301 2687
4302 2846
4303 2665
4304 2651
4305 2834
4306 2728
4307 2735
4308 2914
4309 2775
4310 2561
4311 2651
4312 2715
4313 3037
4314 2692
4315 3035
4316 2641
4317 2618
4318 2570
4319 2906
4320 2680
4321 2508
4322 2497
4323 2983
4324 3002
4325 3061
4326 2586
4327 2936
4328 2795
4329 3098
4330 2668
4331 2697
4332 2793
4333 2578
4334 2837
4335 2486
4336 2341
4337 2827
4338 2546
4339 2641
4340 2854
4341 2992
4342 2992
4343 2778
4344 2699
4345 2688
4346 2742
4347 2565
4348 2928
4349 2404
4350 2563
4351 2773
4352 2603
4353 2733
4354 2535
4355 2769
4356 3042
4357 2654
4358 3066
4359 2673
4360 2414
4361 2853
4362 2898
4363 2869
4364 2857
4365 2714
4366 2652
4367 2568
4368 2818
4369 2710
4370 2621
4371 2889
4372 2795
4373 2679
4374 2536
4375 2673
4376 2635
4377 2936
4378 2817
4379 3044
4380 2738
4381 2804
4382 3156
4383 2942
4384 2802
4385 2649
4386 3214
4387 2553
4388 2912
4389 2821
4390 2523
4391 2577
4392 2598
4393 2969
4394 2801
4395 2674
4396 2687
4397 2814
4398 2823
4399 2597
4400 2801
4401 3063
4402 2444
4403 2542
4404 2744
4405 3081
4406 2747
4407 2478
4408 2644
4409 2798
4410 2518
4411 2863
4412 2599
4413 2561
4414 2369
4415 2784
4416 2468
4417 2953
4418 2935
4419 2208
4420 2941
4421 2452
4422 2637
4423 2946
4424 2530
4425 2956
4426 2838
4427 2746
4428 2745
4429 2674
4430 3000
4431 2833
4432 2652
4433 2628
4434 2713
4435 2616
4436 2730
4437 2861
4438 2631
4439 2413
4440 3011
4441 2427
4442 2408
4443 2862
4444 3319
4445 2895
4446 3137
4447 2943
4448 2741
4449 2585
4450 2663
4451 2903
4452 2775
4453 2444
4454 2948
4455 2636
4456 2898
4457 2892
4458 3041
4459 2654
4460 3060
4461 2886
4462 2761
4463 2702
4464 2565
4465 2696
4466 3063
4467 3105
4468 2743
4469 2566
4470 2903
4471 2739
4472 2923
4473 2547
4474 3071
4475 2820
4476 2789
4477 2707
4478 3064
4479 2844
4480 2578
4481 3043
4482 2416
4483 2503
4484 2811
4485 2924
4486 2483
4487 2731
4488 2998
4489 2793
4490 2380
4491 2367
4492 2984
4493 2611
4494 2594
4495 2786
4496 2629
4497 2086
4498 2594
4499 2531
4500 2666
4501 2873
4502 2591
4503 2919
4504 2771
4505 3077
4506 2526
4507 2631
4508 2881
4509 2537
4510 2624
4511 2721
4512 2598
4513 2939
4514 2976
4515 2727
4516 2674
4517 3205
4518 3146
4519 2758
4520 2586
4521 2529
4522 2636
4523 2686
4524 2978
4525 3133
4526 2631
4527 3278
4528 2683
4529 2468
4530 2510
4531 2704
4532 2638
4533 3112
4534 2720
4535 2831
4536 2744
4537 2681
4538 2981
4539 2842
4540 2779
4541 2880
4542 2516
4543 3050
4544 3119
4545 2624
4546 2928
4547 2701
4548 2804
4549 2826
4550 2985
4551 2810
4552 2922
4553 2961
4554 2635
4555 2950
4556 2903
4557 2469
4558 2677
4559 2870
4560 2928
4561 2971
4562 2646
4563 2727
4564 2713
4565 2486
4566 2906
4567 2646
4568 2508
4569 2713
4570 3010
4571 2537
4572 2969
4573 2648
4574 2690
4575 3039
4576 2803
4577 2771
4578 2789
4579 2577
4580 3043
4581 3169
4582 2868
4583 2888
4584 3129
4585 3095
4586 2712
4587 2731
4588 3122
4589 3094
4590 2949
4591 2763
4592 2576
4593 3183
4594 2808
4595 1342
4596 2997
4597 2671
4598 2870
4599 2823
4600 2827
4601 2673
4602 2719
4603 2862
4604 3165
4605 2490
4606 2578
4607 2773
4608 2800
4609 2832
4610 2751
4611 2133
4612 2895
4613 2805
4614 2783
4615 2922
4616 2664
4617 3010
4618 2685
4619 2848
4620 2430
4621 2566
4622 2681
4623 2547
4624 2664
4625 2748
4626 2843
4627 2856
4628 2908
4629 2518
4630 2379
4631 2806
4632 2407
4633 2714
4634 2615
4635 2746
4636 2706
4637 2671
4638 2842
4639 2764
4640 2788
4641 2772
4642 2749
4643 2554
4644 2693
4645 3019
4646 2606
4647 2616
4648 2914
4649 2660
4650 3028
4651 2762
4652 2907
4653 2779
4654 2731
4655 2717
4656 2880
4657 2790
4658 3023
4659 2591
4660 2893
4661 2626
4662 2857
4663 2607
4664 2700
4665 3058
4666 2457
4667 2638
4668 2882
4669 2489
4670 2631
4671 3051
4672 2935
4673 2955
4674 2913
4675 2462
4676 3143
4677 2597
4678 2892
4679 2508
4680 2734
4681 2787
4682 2825
4683 2505
4684 2767
4685 2831
4686 3005
4687 2724
4688 2988
4689 2605
4690 2500
4691 2856
4692 3060
4693 3192
4694 2522
4695 2988
4696 2728
4697 2886
4698 3000
4699 2837
4700 2928
4701 2724
4702 2859
4703 2796
4704 2781
4705 2805
4706 2866
4707 3148
4708 2542
4709 2710
4710 3237
4711 3262
4712 2883
4713 3034
4714 2744
4715 2366
4716 2635
4717 2725
4718 2893
4719 2409
4720 2840
4721 2652
4722 2890
4723 3085
4724 2822
4725 2748
4726 2858
4727 2898
4728 2383
4729 3064
4730 2732
4731 2877
4732 2825
4733 2381
4734 2340
4735 2778
4736 2752
4737 2430
4738 2545
4739 2541
4740 3105
4741 2710
4742 2737
4743 3112
4744 2853
4745 2554
4746 2621
4747 2918
4748 3010
4749 2947
4750 3040
4751 2910
4752 2548
4753 2710
4754 2884
4755 2855
4756 2990
4757 2823
4758 2710
4759 2879
4760 2785
4761 2734
4762 2630
4763 2467
4764 2514
4765 2870
4766 3509
4767 2802
4768 2921
4769 2719
4770 2751
4771 2910
4772 2933
4773 2515
4774 2820
4775 2795
4776 2645
4777 2601
4778 2709
4779 2975
4780 2458
4781 2733
4782 2739
4783 2534
4784 3216
4785 2930
4786 2815
4787 2566
4788 3005
4789 2552
4790 2851
4791 3078
4792 2733
4793 3061
4794 2758
4795 342
4796 2396
4797 2636
4798 2801
4799 2380
4800 2849
4801 2768
4802 2852
4803 2870
4804 2731
4805 2725
4806 2801
4807 2723
4808 2926
4809 2995
4810 2455
4811 2823
4812 2762
4813 2746
4814 2863
4815 2602
4816 2626
4817 2827
4818 2680
4819 2754
4820 2681
4821 2828
4822 2703
4823 3117
4824 3017
4825 2915
4826 3107
4827 2834
4828 2819
4829 2907
4830 2825
4831 2931
4832 2817
4833 2552
4834 3136
4835 2798
4836 2550
4837 2922
4838 2534
4839 2802
4840 3056
4841 1324
4842 3079
4843 2755
4844 2769
4845 2526
4846 2670
4847 2629
4848 2868
4849 2641
4850 2451
4851 2884
4852 2954
4853 2661
4854 2616
4855 2759
4856 2694
4857 3037
4858 2825
4859 2653
4860 2652
4861 3252
4862 2617
4863 2886
4864 2873
4865 2995
4866 2626
4867 2606
4868 2870
4869 2379
4870 1264
4871 2733
4872 2766
4873 2886
4874 2611
4875 2939
4876 2869
4877 2718
4878 2588
4879 2545
4880 3089
4881 2363
4882 2896
4883 2870
4884 2942
4885 2916
4886 3047
4887 2870
4888 2474
4889 2869
4890 2440
4891 2486
4892 2841
4893 2741
4894 2586
4895 2796
4896 2786
4897 2756
4898 2731
4899 2458
4900 2907
4901 2674
4902 2707
4903 2635
4904 2584
4905 2882
4906 2907
4907 2697
4908 2653
4909 2597
4910 2916
4911 2759
4912 3036
4913 2818
4914 2818
4915 2715
4916 2751
4917 2798
4918 2968
4919 2779
4920 2971
4921 2806
4922 2708
4923 2960
4924 2660
4925 2879
4926 3068
4927 2841
4928 2616
4929 2862
4930 2652
4931 2897
4932 2627
4933 2931
4934 2800
4935 2781
4936 2456
4937 2830
4938 2604
4939 2637
4940 2827
4941 2755
4942 2618
4943 2588
4944 2854
4945 2579
4946 2716
4947 2674
4948 2563
4949 3175
4950 2714
4951 3057
4952 2616
4953 2834
4954 2303
4955 2585
4956 2733
4957 2573
4958 2838
4959 2942
4960 2563
4961 3201
4962 3002
4963 2474
4964 2455
4965 2765
4966 2863
4967 3050
4968 2828
4969 2705
4970 2743
4971 2750
4972 2535
4973 2536
4974 2710
4975 2850
4976 2756
4977 2622
4978 2673
4979 2464
4980 2823
4981 2265
4982 3006
4983 2890
4984 2777
4985 2935
4986 3195
4987 2801
4988 2636
4989 3125
4990 2859
4991 2690
4992 2624
4993 2636
4994 2602
4995 2712
4996 2710
4997 2656
4998 2781
4999 2770
5000 2907
5001 2823
5002 2597
5003 2833
5004 2889
5005 2510
5006 2840
5007 3211
5008 2737
5009 2557
5010 2650
5011 2925
5012 2714
5013 2653
5014 2598
5015 2813
5016 3157
5017 2573
5018 2873
5019 3054
5020 2669
5021 2745
5022 2341
5023 2941
5024 2645
5025 2635
5026 2749
5027 2910
5028 2658
5029 2872
5030 2426
5031 2761
5032 3291
5033 2917
5034 2544
5035 2631
5036 2292
5037 2905
5038 2781
5039 2461
5040 2744
5041 3014
5042 2365
5043 2878
5044 2449
5045 2652
5046 2778
5047 2714
5048 2689
5049 3155
5050 2532
5051 2821
5052 2393
5053 3038
5054 2723
5055 3036
5056 2798
5057 2597
5058 2646
5059 2927
5060 2657
5061 2964
5062 2840
5063 2670
5064 2705
5065 2840
5066 3002
5067 2410
5068 2358
5069 2889
5070 3207
5071 2710
5072 2335
5073 2832
5074 3021
5075 2700
5076 2487
5077 2770
5078 2825
5079 2753
5080 2908
5081 2753
5082 2862
5083 2581
5084 2955
5085 2412
5086 3093
5087 2755
5088 2832
5089 2483
5090 2917
5091 2479
5092 2743
5093 2496
5094 2473
5095 2746
5096 2943
5097 2795
5098 2586
5099 2605
5100 3153
5101 3065
5102 2709
5103 2842
5104 2645
5105 2843
5106 3107
5107 2880
5108 2905
5109 2526
5110 2600
5111 2822
5112 2462
5113 2741
5114 2480
5115 2758
5116 2570
5117 2845
5118 2857
5119 3109
5120 2451
5121 2765
5122 2715
5123 2900
5124 2567
5125 2485
5126 2694
5127 2732
5128 2974
5129 2631
5130 2870
5131 2457
5132 2360
5133 2717
5134 2460
5135 2426
5136 2577
5137 2946
5138 2554
5139 2752
5140 2640
5141 2723
5142 2796
5143 2822
5144 2428
5145 2900
5146 2880
5147 3080
5148 2445
5149 2928
5150 2632
5151 2520
5152 2826
5153 2821
5154 2810
5155 2761
5156 3125
5157 2816
5158 2687
5159 2591
5160 2949
5161 2799
5162 2576
5163 2595
5164 2755
5165 2833
5166 2610
5167 2492
5168 2534
5169 2978
5170 2999
5171 2508
5172 2858
5173 2893
5174 2578
5175 3069
5176 2859
5177 3050
5178 2938
5179 2843
5180 2494
5181 3478
5182 3138
5183 2760
5184 2538
5185 2494
5186 2538
5187 83
5188 2775
5189 2712
5190 2670
5191 2655
5192 2554
5193 2949
5194 2833
5195 2649
5196 2568
5197 2974
5198 2543
5199 2659
5200 2811
5201 2663
5202 2785
5203 2562
5204 2807
5205 2852
5206 2845
5207 2987
5208 2357
5209 3098
5210 2733
5211 2753
5212 2687
5213 2751
5214 2133
5215 2928
5216 3055
5217 2783
5218 2874
5219 2639
5220 2623
5221 2648
5222 2586
5223 2888
5224 2773
5225 2997
5226 2869
5227 2699
5228 2784
5229 2780
5230 2756
5231 3142
5232 2532
5233 2835
5234 2388
5235 2431
5236 2947
5237 2615
5238 2524
5239 2706
5240 2536
5241 2870
5242 2498
5243 3317
5244 2916
5245 2601
5246 2743
5247 2719
5248 2750
5249 2754
5250 2545
5251 2923
5252 2660
5253 2901
5254 2537
5255 2814
5256 2779
5257 2978
5258 2475
5259 2623
5260 2667
5261 3065
5262 3239
5263 2321
5264 2837
5265 2777
5266 2596
5267 2781
5268 2790
5269 2403
5270 2705
5271 2869
5272 2444
5273 2631
5274 2814
5275 2653
5276 2900
5277 3127
5278 2292
5279 2677
5280 2495
5281 2795
5282 2504
5283 2721
5284 2662
5285 3057
5286 2642
5287 2839
5288 2906
5289 2608
5290 2437
5291 3012
5292 3016
5293 2892
5294 2970
5295 2857
5296 2831
5297 2608
5298 2907
5299 2467
5300 3200
5301 3000
5302 3059
5303 2941
5304 2683
5305 2857
5306 2917
5307 2643
5308 2774
5309 2758
5310 2874
5311 2751
5312 2921
5313 2972
5314 2945
5315 2449
5316 2901
5317 2822
5318 2366
5319 2428
5320 2929
5321 2893
5322 2793
5323 2969
5324 2852
5325 2578
5326 2828
5327 2489
5328 2604
5329 3119
5330 2610
5331 2520
5332 3069
5333 2724
5334 2496
5335 2481
5336 2338
5337 2340
5338 2778
5339 2878
5340 2599
5341 2165
5342 2582
5343 3101
5344 2892
5345 2636
5346 2558
5347 2797
5348 2917
5349 2877
5350 3025
5351 2785
5352 2488
5353 2895
5354 2859
5355 2771
5356 2847
5357 2767
5358 2982
5359 2759
5360 2856
5361 2275
5362 3126
5363 3044
5364 2708
5365 2679
5366 2996
5367 2862
5368 2628
5369 2876
5370 3174
5371 2500
5372 3182
5373 2696
5374 2694
5375 2832
5376 2664
5377 2477
5378 2795
5379 2581
5380 2640
5381 2748
5382 2975
5383 2484
5384 2338
5385 2942
5386 2369
5387 2877
5388 2868
5389 2625
5390 2617
5391 3176
5392 2959
5393 2697
5394 2388
5395 2504
5396 2701
5397 2822
5398 2770
5399 2827
5400 2990
5401 2920
5402 2574
5403 2934
5404 2900
5405 2773
5406 2870
5407 2473
5408 2650
5409 2537
5410 2693
5411 2936
5412 2719
5413 2997
5414 2776
5415 2557
5416 2930
5417 2761
5418 2814
5419 2594
5420 2936
5421 2680
5422 2322
5423 2681
5424 -136
5425 2783
5426 2924
5427 3085
5428 2624
5429 2898
5430 2640
5431 2745
5432 2666
5433 2942
5434 2937
5435 2756
5436 2498
5437 2889
5438 2948
5439 2840
5440 2777
5441 3043
5442 2551
5443 3056
5444 2899
5445 3079
5446 2656
5447 2650
5448 2841
5449 2454
5450 2707
5451 2695
5452 3004
5453 2643
5454 2856
5455 2528
5456 2845
5457 2651
5458 2714
5459 2640
5460 2842
5461 2478
5462 2650
5463 2562
5464 2859
5465 2939
5466 2848
5467 2966
5468 2995
5469 2857
5470 2670
5471 2644
5472 2575
5473 2749
5474 2273
5475 2713
5476 2580
5477 2940
5478 2968
5479 3186
5480 2962
5481 2755
5482 2945
5483 2708
5484 2666
5485 2954
5486 3184
5487 3050
5488 2842
5489 2664
5490 2856
5491 2697
5492 3230
5493 2939
5494 2540
5495 2283
5496 3111
5497 2431
5498 2438
5499 2493
5500 2943
5501 2566
5502 2537
5503 2531
5504 3035
5505 2783
5506 2497
5507 2645
5508 2882
5509 2907
5510 2657
5511 2573
5512 2762
5513 2951
5514 2732
5515 2821
5516 2735
5517 2549
5518 3208
5519 3032
5520 2574
5521 2715
5522 3009
5523 2915
5524 2867
5525 2663
5526 3241
5527 2658
5528 2708
5529 3068
5530 3110
5531 2648
5532 2915
5533 2715
5534 2897
5535 2858
5536 2931
5537 2875
5538 2840
5539 2686
5540 2754
5541 2853
5542 3035
5543 2751
5544 2745
5545 3148
5546 2521
5547 2593
5548 2541
5549 2714
5550 2677
5551 2752
5552 3175
5553 2714
5554 2954
5555 2625
5556 3086
5557 2653
5558 2945
5559 3000
5560 3035
5561 2950
5562 2805
5563 2389
5564 2787
5565 2702
5566 2976
5567 3236
5568 2661
5569 2863
5570 3050
5571 2553
5572 2705
5573 2700
5574 2399
5575 2626
5576 2681
5577 2843
5578 2850
5579 2391
5580 2905
5581 2814
5582 2771
5583 2576
5584 2565
5585 2721
5586 2767
5587 2929
5588 2648
5589 2848
5590 2610
5591 2636
5592 3125
5593 2705
5594 2657
5595 2781
5596 2636
5597 2721
5598 3149
5599 2672
5600 2445
5601 2882
5602 2739
5603 2530
5604 2754
5605 2795
5606 2638
5607 3008
5608 2720
5609 2554
5610 2896
5611 2894
5612 2585
5613 2542
5614 2925
5615 2714
5616 2467
5617 2945
5618 2728
5619 2770
5620 2720
5621 3100
5622 2587
5623 2795
5624 2608
5625 2334
5626 2732
5627 2820
5628 3045
5629 2883
5630 2953
5631 2600
5632 3068
5633 2738
5634 2756
5635 2903
5636 2917
5637 2544
5638 2676
5639 2731
5640 2905
5641 2772
5642 2851
5643 2621
5644 2475
5645 2512
5646 2528
5647 3036
5648 3055
5649 2718
5650 2817
5651 2663
5652 2471
5653 2707
5654 2666
5655 2614
5656 2928
5657 2519
5658 3100
5659 2779
5660 2522
5661 2959
5662 2927
5663 2647
5664 2460
5665 2752
5666 2740
5667 2565
5668 2991
5669 3411
5670 2737
5671 2945
5672 3086
5673 2851
5674 2596
5675 2354
5676 2832
5677 2966
5678 2700
5679 2984
5680 2707
5681 2881
5682 2522
5683 3012
5684 3137
5685 2989
5686 2591
5687 2919
5688 2972
5689 3041
5690 2624
5691 2750
5692 2295
5693 2537
5694 2530
5695 2921
5696 2641
5697 2755
5698 2746
5699 2997
5700 2795
5701 3097
5702 2696
5703 2937
5704 3123
5705 2829
5706 2836
5707 2929
5708 2844
5709 3095
5710 2808
5711 3278
5712 2683
5713 2939
5714 2634
5715 2704
5716 2962
5717 3005
5718 2758
5719 2570
5720 2820
5721 2602
5722 2981
5723 2842
5724 2348
5725 2795
5726 2441
5727 2550
5728 2766
5729 2668
5730 2868
5731 2800
5732 2645
5733 2800
5734 2924
5735 2658
5736 2733
5737 2771
5738 2291
5739 2501
5740 2946
5741 2390
5742 2843
5743 2737
5744 2928
5745 2627
5746 3055
5747 2610
5748 2862
5749 3028
5750 2714
5751 2823
5752 2413
5753 3340
5754 2749
5755 2643
5756 3009
5757 2821
5758 2758
5759 3083
5760 2816
5761 2665
5762 2490
5763 2814
5764 2956
5765 3107
5766 2666
5767 2792
5768 2762
5769 2757
5770 3165
5771 2642
5772 2603
5773 3001
5774 2605
5775 2677
5776 2686
5777 2773
5778 2936
5779 2905
5780 3050
5781 2938
5782 2612
5783 2721
5784 2891
5785 2664
5786 2553
5787 2862
5788 2494
5789 2905
5790 2648
5791 2773
5792 2983
5793 2999
5794 2869
5795 2733
5796 2857
5797 2789
5798 2561
5799 2728
5800 3040
5801 3145
5802 2635
5803 2775
5804 2663
5805 2683
5806 2562
5807 2638
5808 2844
5809 2770
5810 2643
5811 3034
5812 2694
5813 2764
5814 2619
5815 2650
5816 2380
5817 2557
5818 3039
5819 2746
5820 2875
5821 2735
5822 2616
5823 2764
5824 2648
5825 2381
5826 2781
5827 2682
5828 3075
5829 2469
5830 2606
5831 2559
5832 2780
5833 2433
5834 2836
5835 3078
5836 2798
5837 2712
5838 2735
5839 2439
5840 2192
5841 2790
5842 2637
5843 2837
5844 2633
5845 2895
5846 3086
5847 2835
5848 2700
5849 2749
5850 2585
5851 2662
5852 2498
5853 2489
5854 2611
5855 3083
5856 2973
5857 2903
5858 2940
5859 2846
5860 3255
5861 3095
5862 2906
5863 2508
5864 2879
5865 3122
5866 2342
5867 2588
5868 2778
5869 2761
5870 2881
5871 2724
5872 2403
5873 2811
5874 2304
5875 2508
5876 2808
5877 2620
5878 2565
5879 2555
5880 2756
5881 2650
5882 2718
5883 2743
5884 2661
5885 2621
5886 2720
5887 2912
5888 2924
5889 2603
5890 2581
5891 2727
5892 2467
5893 2639
5894 2761
5895 3237
5896 2892
5897 2830
5898 2716
5899 2727
5900 2596
5901 2656
5902 3053
5903 2911
5904 2900
5905 2654
5906 3033
5907 2801
5908 2684
5909 2887
5910 2765
5911 2674
5912 2668
5913 3180
5914 2732
5915 3015
5916 3003
5917 2575
5918 2540
5919 2559
5920 2609
5921 2449
5922 2545
5923 2960
5924 2683
5925 2710
5926 2880
5927 2903
5928 2589
5929 2619
5930 2454
5931 2533
5932 3280
5933 2786
5934 2505
5935 3257
5936 2609
5937 2878
5938 2779
5939 2802
5940 3259
5941 2492
5942 2753
5943 2612
5944 2526
5945 3157
5946 2486
5947 2354
5948 2756
5949 1237
5950 2797
5951 2831
5952 2469
5953 3285
5954 2575
5955 2971
5956 2547
5957 2775
5958 2577
5959 2722
5960 2645
5961 2533
5962 2835
5963 2409
5964 2935
5965 2808
5966 2869
5967 2810
5968 3035
5969 2930
5970 2876
5971 2479
5972 2727
5973 2678
5974 2297
5975 3183
5976 2696
5977 2696
5978 2686
5979 2605
5980 2500
5981 2716
5982 2658
5983 2642
5984 2738
5985 2631
5986 2879
5987 3369
5988 2797
5989 3012
5990 2780
5991 2619
5992 2651
5993 2617
5994 2582
5995 2751
5996 2975
5997 2556
5998 2504
5999 2694
6000 2756
6001 2770
6002 2662
6003 2845
6004 2798
6005 2645
6006 2804
6007 2936
6008 2907
6009 2971
6010 2935
6011 2816
6012 2510
6013 2699
6014 2947
6015 2678
6016 3064
6017 2802
6018 3056
6019 2798
6020 3132
6021 2814
6022 2534
6023 3024
6024 2661
6025 2562
6026 3114
6027 2687
6028 2701
6029 2787
6030 2670
6031 2996
6032 2563
6033 3037
6034 2451
6035 2666
6036 2954
6037 2701
6038 2756
6039 2585
6040 2380
6041 2954
6042 2527
6043 2904
6044 2850
6045 2964
6046 2509
6047 2930
6048 2955
6049 2631
6050 2719
6051 2571
6052 3070
6053 2430
6054 2641
6055 2810
6056 2643
6057 2856
6058 3111
6059 2934
6060 2345
6061 2987
6062 2640
6063 2774
6064 2278
6065 2536
6066 2896
6067 2598
6068 3298
6069 2801
6070 2813
6071 2857
6072 2996
6073 2869
6074 3032
6075 2445
6076 2880
6077 2741
6078 2695
6079 2446
6080 2732
6081 2968
6082 2877
6083 2995
6084 2886
6085 3157
6086 2708
6087 2705
6088 2516
6089 2949
6090 2781
6091 2837
6092 2714
6093 2812
6094 2653
6095 2788
6096 2764
6097 2899
6098 2691
6099 2343
6100 2512
6101 2507
6102 27
6103 2720
6104 2772
6105 2716
6106 2618
6107 2889
6108 2930
6109 2997
6110 3189
6111 2942
6112 2719
6113 2487
6114 2776
6115 2878
6116 2632
6117 2658
6118 2601
6119 2649
6120 2131
6121 2999
6122 2740
6123 2946
6124 2444
6125 3117
6126 2888
6127 2588
6128 2854
6129 2814
6130 2488
6131 2912
6132 2985
6133 2666
6134 2719
6135 2429
6136 2468
6137 2979
6138 2303
6139 2770
6140 3206
6141 3132
6142 2746
6143 2876
6144 2872
6145 3035
6146 2751
6147 2895
6148 2391
6149 2765
6150 2986
6151 2567
6152 2711
6153 3151
6154 2631
6155 2700
6156 2868
6157 2795
6158 2811
6159 2667
6160 3011
6161 2632
6162 2725
6163 2833
6164 2905
6165 2805
6166 2400
6167 3183
6168 2702
6169 2867
6170 3195
6171 3008
6172 2839
6173 3071
6174 2834
6175 207
6176 2812
6177 2758
6178 2602
6179 2976
6180 2685
6181 2855
6182 2391
6183 3258
6184 3005
6185 2683
6186 3251
6187 2593
6188 2889
6189 3132
6190 3223
6191 2288
6192 2503
6193 2066
6194 2741
6195 2761
6196 2631
6197 2695
6198 2400
6199 2949
6200 3160
6201 2732
6202 2731
6203 2986
6204 2767
6205 2533
6206 2530
6207 3048
6208 2968
6209 2496
6210 2763
6211 2575
6212 2908
6213 3007
6214 2790
6215 2829
6216 2693
6217 3275
6218 2934
6219 2746
6220 2719
6221 2543
6222 2781
6223 2758
6224 2595
6225 2484
6226 2647
6227 2780
6228 2636
6229 2723
6230 2632
6231 2923
6232 2677
6233 2321
6234 3170
6235 3140
6236 2954
6237 2828
6238 2691
6239 2821
6240 2565
6241 2620
6242 2646
6243 2966
6244 2683
6245 2823
6246 2816
6247 2367
6248 2841
6249 2618
6250 3131
6251 3055
6252 2552
6253 2817
6254 2663
6255 2780
6256 2955
6257 2898
6258 2910
6259 2484
6260 2682
6261 2822
6262 2660
6263 2572
6264 2849
6265 2618
6266 2377
6267 2745
6268 2548
6269 2909
6270 2584
6271 2653
6272 3006
6273 2641
6274 3406
6275 297
6276 2746
6277 2900
6278 2504
6279 2625
6280 3228
6281 2720
6282 2657
6283 3043
6284 2853
6285 2998
6286 2732
6287 3020
6288 2840
6289 2625
6290 3103
6291 2765
6292 2945
6293 2599
6294 2887
6295 2760
6296 2566
6297 2813
6298 2441
6299 2939
6300 2711
6301 2845
6302 2793
6303 2656
6304 2747
6305 2765
6306 2704
6307 2810
6308 2567
6309 2688
6310 2982
6311 2671
6312 2949
6313 3073
6314 3315
6315 2486
6316 2831
6317 2803
6318 2819
6319 2603
6320 2626
6321 3006
6322 2613
6323 2752
6324 2975
6325 2616
6326 2739
6327 2463
6328 2628
6329 2968
6330 2550
6331 2940
6332 2580
6333 2967
6334 2567
6335 2981
6336 2828
6337 2924
6338 2658
6339 2631
6340 2716
6341 3160
6342 2803
6343 2641
6344 2845
6345 2828
6346 2659
6347 2680
6348 -27
6349 3142
6350 2922
6351 1081
6352 2754
6353 2913
6354 2927
6355 2638
6356 3072
6357 2639
6358 2598
6359 2947
6360 2919
6361 2755
6362 2979
6363 2617
6364 2658
6365 2621
6366 2866
6367 2846
6368 2740
6369 2895
6370 2757
6371 2867
6372 2940
6373 2978
6374 3176
6375 2575
6376 2596
6377 3013
6378 2573
6379 2778
6380 2568
6381 2936
6382 2652
6383 2864
6384 2791
6385 2744
6386 2652
6387 2734
6388 2550
6389 2810
6390 3323
6391 2711
6392 2849
6393 3048
6394 2671
6395 2973
6396 2624
6397 2996
6398 2733
6399 2857
6400 2977
6401 2910
6402 2625
6403 2860
6404 3064
6405 2853
6406 2754
6407 2652
6408 2814
6409 2926
6410 2833
6411 2804
6412 2784
6413 2543
6414 2797
6415 2505
6416 2563
6417 2835
6418 2501
6419 2737
6420 2988
6421 3121
6422 2527
6423 2715
6424 2529
6425 2473
6426 2731
6427 2744
6428 2335
6429 3259
6430 2800
6431 3239
6432 2647
6433 2606
6434 2853
6435 2957
6436 2776
6437 2736
6438 3020
6439 2846
6440 2747
6441 2735
6442 2366
6443 2574
6444 2736
6445 2637
6446 2891
6447 2570
6448 2591
6449 2660
6450 3101
6451 2588
6452 2802
6453 2659
6454 3515
6455 2298
6456 2444
6457 2650
6458 2652
6459 2973
6460 2861
6461 3016
6462 2637
6463 2646
6464 2875
6465 3131
6466 2211
6467 2712
6468 2547
6469 2710
6470 2682
6471 2997
6472 2801
6473 2671
6474 2400
6475 2794
6476 2655
6477 3334
6478 2618
6479 3234
6480 2475
6481 2737
6482 2555
6483 2899
6484 2621
6485 2945
6486 2948
6487 2638
6488 2621
6489 2543
6490 3089
6491 2785
6492 2957
6493 2394
6494 2713
6495 2710
6496 2756
6497 2456
6498 2950
6499 2449
6500 2812
6501 2833
6502 2919
6503 2262
6504 2656
6505 3251
6506 2793
6507 2862
6508 2654
6509 2927
6510 3030
6511 2297
6512 2900
6513 2588
6514 2442
6515 2780
6516 2627
6517 2827
6518 2808
6519 3123
6520 2538
6521 2131
6522 2839
6523 2480
6524 2558
6525 2524
6526 3005
6527 3057
6528 3077
6529 2606
6530 3007
6531 2772
6532 2933
6533 3300
6534 3197
6535 2817
6536 2780
6537 2985
6538 2962
6539 3038
6540 2649
6541 2658
6542 2836
6543 3153
6544 2524
6545 2753
6546 3001
6547 2826
6548 2971
6549 2586
6550 2765
6551 2756
6552 2701
6553 2824
6554 2846
6555 2890
6556 3047
6557 2685
6558 2507
6559 2638
6560 2723
6561 2638
6562 2860
6563 2740
6564 2533
6565 2748
6566 2409
6567 2935
6568 2644
6569 2891
6570 2924
6571 -164
6572 2947
6573 2862
6574 2612
6575 3147
6576 3011
6577 2991
6578 2804
6579 2711
6580 2648
6581 2093
6582 2737
6583 2499
6584 2423
6585 2741
6586 2642
6587 2548
6588 2611
6589 2970
6590 3143
6591 3110
6592 3012
6593 2516
6594 2679
6595 2992
6596 2495
6597 2997
6598 2806
6599 3019
6600 2993
6601 2473
6602 2804
6603 2439
6604 2936
6605 2977
6606 2597
6607 3235
6608 2272
6609 2651
6610 2614
6611 2907
6612 2902
6613 2935
6614 2585
6615 3075
6616 2611
6617 2723
6618 2823
6619 2963
6620 2645
6621 2672
6622 2840
6623 2554
6624 2447
6625 2789
6626 2551
6627 2860
6628 2562
6629 3036
6630 2655
6631 2640
6632 2652
6633 2676
6634 2857
6635 2908
6636 2985
6637 2469
6638 2904
6639 2591
6640 2919
6641 2587
6642 2867
6643 2297
6644 2633
6645 2680
6646 2554
6647 2480
6648 2859
6649 2561
6650 2894
6651 2999
6652 2631
6653 2661
6654 2571
6655 2849
6656 2430
6657 2907
6658 2617
6659 2778
6660 2703
6661 2381
6662 2671
6663 2959
6664 2767
6665 2755
6666 2945
6667 2730
6668 2839
6669 2540
6670 2898
6671 3201
6672 2702
6673 2664
6674 3006
6675 2872
6676 2925
6677 3158
6678 2476
6679 2705
6680 3061
6681 3083
6682 2247
6683 3126
6684 2725
6685 2900
6686 2704
6687 2498
6688 2981
6689 3314
6690 3004
6691 3094
6692 2994
6693 2871
6694 2543
6695 2661
6696 2812
6697 2653
6698 2788
6699 2527
6700 2968
6701 3191
6702 3208
6703 2851
6704 2766
6705 2715
6706 3012
6707 2533
6708 2828
6709 2613
6710 2474
6711 2884
6712 2927
6713 3245
6714 2992
6715 2989
6716 2499
6717 2715
6718 2854
6719 2735
6720 2499
6721 -65
6722 2663
6723 2453
6724 2645
6725 2905
6726 2156
6727 2811
6728 2565
6729 2450
6730 2955
6731 2593
6732 2814
6733 2691
6734 2771
6735 3022
6736 2666
6737 2436
6738 2928
6739 2784
6740 3119
6741 2805
6742 2884
6743 2871
6744 2527
6745 2996
6746 2825
6747 2732
6748 2684
6749 2581
6750 2751
6751 2694
6752 2661
6753 2911
6754 2828
6755 3202
6756 2786
6757 2532
6758 2714
6759 2868
6760 2824
6761 2988
6762 2667
6763 2888
6764 2812
6765 2671
6766 2617
6767 2850
6768 2361
6769 2990
6770 2767
6771 3032
6772 2887
6773 2740
6774 2568
6775 3062
6776 2778
6777 2625
6778 2468
6779 2770
6780 3087
6781 2728
6782 2976
6783 2910
6784 2741
6785 3107
6786 2783
6787 2666
6788 2590
6789 2774
6790 2589
6791 2815
6792 2902
6793 2258
6794 2531
6795 3079
6796 2274
6797 2390
6798 2836
6799 2750
6800 2744
6801 2400
6802 2949
6803 2770
6804 2720
6805 2600
6806 2581
6807 2693
6808 2753
6809 2308
6810 2701
6811 2424
6812 2579
6813 2556
6814 2953
6815 2834
6816 2933
6817 2830
6818 2777
6819 2453
6820 3060
6821 2835
6822 2648
6823 2882
6824 2829
6825 2757
6826 2758
6827 2543
6828 2722
6829 2602
6830 2837
6831 3252
6832 2880
6833 2799
6834 2747
6835 2908
6836 2457
6837 2772
6838 2895
6839 3047
6840 3009
6841 2791
6842 2646
6843 2779
6844 2681
6845 2700
6846 3223
6847 2551
6848 2641
6849 2853
6850 2513
6851 2707
6852 2772
6853 3209
6854 2920
6855 2758
6856 2419
6857 2920
6858 2596
6859 2744
6860 2898
6861 2782
6862 2516
6863 2811
6864 2707
6865 3158
6866 2632
6867 2849
6868 2618
6869 3077
6870 2706
6871 3160
6872 2801
6873 2899
6874 2804
6875 2473
6876 2295
6877 3238
6878 2887
6879 2900
6880 2575
6881 2622
6882 2601
6883 2927
6884 2720
6885 3027
6886 2696
6887 2931
6888 2799
6889 2824
6890 3149
6891 3133
6892 2556
6893 2627
6894 2940
6895 2868
6896 2684
6897 2864
6898 3016
6899 2774
6900 2829
6901 3047
6902 2453
6903 2635
6904 2934
6905 2868
6906 2680
6907 2856
6908 2506
6909 2808
6910 3007
6911 2992
6912 2749
6913 2852
6914 2806
6915 2800
6916 2645
6917 2523
6918 2549
6919 2794
6920 2599
6921 2897
6922 2793
6923 2626
6924 2671
6925 2818
6926 3115
6927 3074
6928 2309
6929 2570
6930 2848
6931 2778
6932 3153
6933 2768
6934 2695
6935 2778
6936 3327
6937 3056
6938 2853
6939 2729
6940 2848
6941 2945
6942 2528
6943 2814
6944 2997
6945 2645
6946 2712
6947 2788
6948 2817
6949 2659
6950 2857
6951 2920
6952 2642
6953 2901
6954 2807
6955 2715
6956 2490
6957 2773
6958 2474
6959 2693
6960 2655
6961 2544
6962 2783
6963 2905
6964 2859
6965 1548
6966 2617
6967 2717
6968 2818
6969 2373
6970 2766
6971 2740
6972 2842
6973 3123
6974 2978
6975 2748
6976 3067
6977 3117
6978 3023
6979 2318
6980 2560
6981 2899
6982 2764
6983 2830
6984 3152
6985 3043
6986 2769
6987 2775
6988 2661
6989 2274
6990 2734
6991 2638
6992 2625
6993 3361
6994 2643
6995 3075
6996 2829
6997 2545
6998 2770
6999 2769
7000 2807
7001 2561
7002 3017
7003 2811
7004 2731
7005 2334
7006 2795
7007 3141
7008 3074
7009 2966
7010 2781
7011 2987
7012 2694
7013 2469
7014 2932
7015 2829
7016 2631
7017 2440
7018 2784
7019 2872
7020 2613
7021 2719
7022 2850
7023 2497
7024 2619
7025 2409
7026 2899
7027 3129
7028 2598
7029 2637
7030 2774
7031 2513
7032 3045
7033 2578
7034 2755
7035 2647
7036 2712
7037 3022
7038 2701
7039 3198
7040 2663
7041 2636
7042 2940
7043 2406
7044 2812
7045 2606
7046 2797
7047 2952
7048 2820
7049 2479
7050 2498
7051 2389
7052 2881
7053 2661
7054 2588
7055 2562
7056 2659
7057 2904
7058 2767
7059 2675
7060 2994
7061 2826
7062 2945
7063 2840
7064 2756
7065 2229
7066 2804
7067 2743
7068 3035
7069 2908
7070 2720
7071 2499
7072 2742
7073 2682
7074 2939
7075 2801
7076 2973
7077 2298
7078 2761
7079 2645
7080 2751
7081 2608
7082 2595
7083 2936
7084 2891
7085 2829
7086 2606
7087 2570
7088 3027
7089 2423
7090 2542
7091 2857
7092 2684
7093 3041
7094 3143
7095 2922
7096 2605
7097 2713
7098 2973
7099 2756
7100 2610
7101 3150
7102 2613
7103 2865
7104 2609
7105 2637
7106 2495
7107 2429
7108 2596
7109 2961
7110 2880
7111 2469
7112 2566
7113 2952
7114 2271
7115 2500
7116 2788
7117 2597
7118 2376
7119 2608
7120 2505
7121 2808
7122 2831
7123 2930
7124 2632
7125 2562
7126 2632
7127 2887
7128 2510
7129 2742
7130 2519
7131 2518
7132 2778
7133 2511
7134 2818
7135 2735
7136 2534
7137 2489
7138 2892
7139 2919
7140 2985
7141 2841
7142 3031
7143 2722
7144 2686
7145 3066
7146 2644
7147 2839
7148 2666
7149 2588
7150 3018
7151 2810
7152 2846
7153 3389
7154 2815
7155 2701
7156 2601
7157 2846
7158 2800
7159 3143
7160 2882
7161 2547
7162 2592
7163 2505
7164 2638
7165 2707
7166 2838
7167 2477
7168 2889
7169 2928
7170 2819
7171 2643
7172 2480
7173 2895
7174 2826
7175 3053
7176 2964
7177 2656
7178 2636
7179 3011
7180 2975
7181 2756
7182 2799
7183 2694
7184 2265
7185 2222
7186 2635
7187 2827
7188 3042
7189 2710
7190 20
7191 2685
7192 2840
7193 2595
7194 2554
7195 2653
7196 3033
7197 2699
7198 2947
7199 2542
7200 2607
7201 2821
7202 2834
7203 2601
7204 2716
7205 2788
7206 2908
7207 2872
7208 2721
7209 2614
7210 2440
7211 2694
7212 2949
7213 2708
7214 2632
7215 2939
7216 2563
7217 2775
7218 2852
7219 3117
7220 2682
7221 2719
7222 3137
7223 2623
7224 2904
7225 2721
7226 2500
7227 3204
7228 2561
7229 2664
7230 2886
7231 2924
7232 2953
7233 2989
7234 2719
7235 2452
7236 2849
7237 2622
7238 2811
7239 2718
7240 2469
7241 2904
7242 2941
7243 2934
7244 2587
7245 3091
7246 2937
7247 2633
7248 2278
7249 2983
7250 2561
7251 3117
7252 3133
7253 2757
7254 2629
7255 2707
7256 2498
7257 2838
7258 2635
7259 2429
7260 2463
7261 2634
7262 2750
7263 2931
7264 2381
7265 2569
7266 2842
7267 2584
7268 2759
7269 2950
7270 2768
7271 2662
7272 2544
7273 2784
7274 2803
7275 2721
7276 2696
7277 2609
7278 2850
7279 2724
7280 2764
7281 3044
7282 2684
7283 2746
7284 2788
7285 2283
7286 2816
7287 2692
7288 3095
7289 2662
7290 2498
7291 2918
7292 3040
7293 2870
7294 2567
7295 2635
7296 2717
7297 2914
7298 2479
7299 3139
7300 2936
7301 2663
7302 2925
7303 2458
7304 3266
7305 2984
7306 2740
7307 2766
7308 2908
7309 3050
7310 2620
7311 2828
7312 2949
7313 2342
7314 2880
7315 2810
7316 2599
7317 2606
7318 2822
7319 2927
7320 2486
7321 2992
7322 3033
7323 2802
7324 2822
7325 2507
7326 2580
7327 2767
7328 2905
7329 2221
7330 2537
7331 2773
7332 3086
7333 2980
7334 2954
7335 2567
7336 2724
7337 2670
7338 2631
7339 2439
7340 21
7341 2725
7342 2654
7343 2442
7344 3017
7345 2570
7346 2725
7347 2513
7348 2983
7349 2576
7350 2400
7351 2444
7352 2291
7353 2862
7354 2569
7355 2562
7356 2839
7357 3308
7358 2353
7359 2874
7360 3325
7361 2808
7362 2742
7363 2806
7364 2637
7365 2530
7366 2790
7367 2962
7368 2945
7369 2661
7370 2990
7371 2565
7372 2879
7373 2696
7374 3048
7375 2434
7376 2740
7377 2584
7378 2905
7379 2931
7380 2763
7381 2790
7382 2853
7383 2703
7384 3093
7385 2712
7386 2373
7387 3026
7388 2828
7389 2781
7390 3054
7391 2590
7392 2730
7393 2445
7394 2815
7395 2902
7396 2701
7397 3007
7398 3406
7399 2674
7400 2863
7401 2696
7402 2892
7403 2746
7404 2616
7405 2770
7406 2748
7407 2821
7408 3063
7409 2470
7410 2647
7411 2780
7412 2397
7413 93
7414 2507
7415 2762
7416 2468
7417 2565
7418 102
7419 2900
7420 2704
7421 2625
7422 2642
7423 2552
7424 2830
7425 2623
7426 2666
7427 2633
7428 2878
7429 2901
7430 1084
7431 2627
7432 2617
7433 2837
7434 3209
7435 2777
7436 2799
7437 2514
7438 2956
7439 2543
7440 2767
7441 2955
7442 2690
7443 2542
7444 2709
7445 2669
7446 2660
7447 2888
7448 2649
7449 2700
7450 2416
7451 2725
7452 2797
7453 2571
7454 2681
7455 2796
7456 2459
7457 2947
7458 2930
7459 2624
7460 2721
7461 2881
7462 2814
7463 3173
7464 3179
7465 2697
7466 3040
7467 2756
7468 2489
7469 2781
7470 2937
7471 3097
7472 2759
7473 2977
7474 2575
7475 2731
7476 2501
7477 2835
7478 2523
7479 2789
7480 2831
7481 3207
7482 2900
7483 2939
7484 2585
7485 3087
7486 591
7487 2822
7488 2679
7489 2862
7490 2648
7491 2707
7492 2548
7493 2812
7494 3181
7495 2544
7496 2627
7497 3020
7498 2932
7499 2704
7500 2906
7501 2915
7502 2624
7503 2815
7504 3032
7505 3271
7506 2652
7507 2819
7508 2975
7509 2709
7510 3176
7511 2584
7512 2587
7513 2549
7514 2870
7515 2749
7516 2852
7517 2596
7518 2741
7519 2621
7520 2547
7521 2862
7522 2965
7523 2339
7524 2621
7525 2793
7526 2890
7527 2947
7528 3133
7529 2828
7530 2967
7531 2867
7532 2741
7533 2844
7534 3304
7535 2583
7536 2730
7537 2786
7538 2737
7539 3043
7540 3072
7541 2720
7542 2537
7543 2848
7544 2950
7545 2679
7546 2796
7547 2378
7548 2645
7549 2939
7550 2580
7551 3050
7552 2789
7553 2706
7554 2739
7555 2784
7556 2634
7557 2516
7558 2768
7559 2744
7560 2681
7561 2615
7562 2589
7563 2778
7564 2380
7565 2847
7566 2584
7567 2659
7568 2588
7569 2917
7570 2971
7571 2379
7572 2779
7573 2778
7574 3020
7575 2689
7576 2849
7577 2965
7578 3032
7579 2415
7580 3104
7581 3098
7582 2566
7583 2560
7584 2987
7585 2809
7586 2829
7587 3080
7588 3045
7589 2755
7590 2804
7591 2711
7592 2820
7593 2897
7594 2705
7595 2843
7596 2472
7597 2793
7598 2833
7599 2786
7600 2545
7601 2764
7602 2769
7603 2872
7604 2785
7605 3121
7606 2631
7607 2731
7608 2577
7609 2725
7610 2950
7611 2714
7612 2694
7613 2702
7614 2844
7615 2869
7616 2821
7617 2592
7618 2522
7619 3172
7620 2939
7621 2700
7622 2852
7623 2818
7624 2918
7625 2799
7626 2513
7627 2630
7628 2534
7629 2869
7630 3243
7631 2593
7632 2676
7633 2899
7634 3046
7635 2565
7636 2836
7637 2666
7638 2625
7639 2319
7640 2880
7641 2896
7642 2652
7643 2394
7644 2586
7645 3196
7646 2170
7647 2811
7648 2554
7649 2615
7650 2181
7651 2820
7652 2445
7653 2593
7654 2556
7655 2941
7656 2757
7657 2602
7658 2569
7659 2396
7660 2811
7661 2674
7662 2676
7663 3402
7664 2595
7665 2963
7666 2808
7667 2828
7668 2620
7669 2957
7670 2916
7671 2523
7672 2514
7673 2671
7674 2808
7675 2843
7676 2511
7677 2664
7678 2415
7679 2847
7680 2741
7681 2673
7682 2764
7683 2564
7684 2653
7685 2861
7686 3025
7687 2812
7688 3134
7689 2805
7690 2871
7691 3162
7692 2695
7693 2665
7694 2669
7695 2920
7696 2668
7697 2701
7698 2717
7699 2780
7700 2627
7701 2618
7702 2935
7703 2587
7704 2794
7705 2717
7706 2865
7707 2675
7708 2693
7709 2911
7710 2492
7711 2926
7712 3037
7713 3077
7714 2741
7715 2673
7716 2685
7717 2980
7718 2583
7719 2985
7720 2549
7721 2845
7722 2962
7723 2452
7724 3039
7725 2810
7726 2988
7727 2702
7728 2706
7729 2614
7730 2834
7731 2564
7732 23
7733 2799
7734 2745
7735 2778
7736 2348
7737 3087
7738 2596
7739 2890
7740 2767
7741 2511
7742 2717
7743 2882
7744 2648
7745 2827
7746 2900
7747 2874
7748 2910
7749 2644
7750 2820
7751 2611
7752 2685
7753 3173
7754 2845
7755 2973
7756 3497
7757 2815
7758 2730
7759 2386
7760 2784
7761 2882
7762 2857
7763 2812
7764 2648
7765 2235
7766 2947
7767 2829
7768 2423
7769 2823
7770 2764
7771 2857
7772 2611
7773 3012
7774 2643
7775 2710
7776 3122
7777 2403
7778 2748
7779 2930
7780 2418
7781 2492
7782 2606
7783 2513
7784 2925
7785 3146
7786 2735
7787 2583
7788 2768
7789 2561
7790 2597
7791 3112
7792 2876
7793 2619
7794 2463
7795 2642
7796 2595
7797 2865
7798 2553
7799 2898
7800 2751
7801 2572
7802 2658
7803 2758
7804 2747
7805 2672
7806 3016
7807 2343
7808 2722
7809 2652
7810 2825
7811 2897
7812 2497
7813 2457
7814 2463
7815 2475
7816 2831
7817 2665
7818 2876
7819 2575
7820 2910
7821 2847
7822 2909
7823 2969
7824 2650
7825 2511
7826 2781
7827 2514
7828 2607
7829 2795
7830 2576
7831 2740
7832 2664
7833 2636
7834 2894
7835 2921
7836 2989
7837 2546
7838 2628
7839 2734
7840 2622
7841 3045
7842 3308
7843 2443
7844 2693
7845 2913
7846 2833
7847 2779
7848 2767
7849 2674
7850 2693
7851 2443
7852 2858
7853 2642
7854 3135
7855 3133
7856 3010
7857 2857
7858 2939
7859 2794
7860 2912
7861 2635
7862 2471
7863 2746
7864 2748
7865 2876
7866 2285
7867 3250
7868 3030
7869 2685
7870 2807
7871 2482
7872 3010
7873 3045
7874 3068
7875 2637
7876 2566
7877 2845
7878 2517
7879 2694
7880 2550
7881 2842
7882 65
7883 2521
7884 2968
7885 2944
7886 2766
7887 2826
7888 2833
7889 2571
7890 2938
7891 2907
7892 3098
7893 2670
7894 2939
7895 3123
7896 2692
7897 2612
7898 2608
7899 2955
7900 2705
7901 2487
7902 2854
7903 2957
7904 2920
7905 2691
7906 2858
7907 2823
7908 2781
7909 2847
7910 2796
7911 2932
7912 2918
7913 2450
7914 2759
7915 2690
7916 3231
7917 2758
7918 2771
7919 2599
7920 2845
7921 2662
7922 2925
7923 2960
7924 2995
7925 3033
7926 2806
7927 2686
7928 2527
7929 2817
7930 2793
7931 3148
7932 2675
7933 2595
7934 2751
7935 3268
7936 2767
7937 3072
7938 2864
7939 3141
7940 2710
7941 2740
7942 2586
7943 3003
7944 2801
7945 2701
7946 2691
7947 3019
7948 2664
7949 2671
7950 2661
7951 2588
7952 2776
7953 3120
7954 2684
7955 2706
7956 2907
7957 2829
7958 2955
7959 2718
7960 2778
7961 2606
7962 2874
7963 2886
7964 2808
7965 2702
7966 2806
7967 2415
7968 2741
7969 2360
7970 2292
7971 2663
7972 2649
7973 2729
7974 2653
7975 2726
7976 2915
7977 2640
7978 2858
7979 3079
7980 2813
7981 2888
7982 2836
7983 2763
7984 2497
7985 2790
7986 2852
7987 2878
7988 3006
7989 2600
7990 2642
7991 2738
7992 2833
7993 2824
7994 2887
7995 2294
7996 2564
7997 2556
7998 2979
7999 2597
8000 2674
8001 3171
8002 3063
8003 2453
8004 2681
8005 2657
8006 2549
8007 2832
8008 2886
8009 2664
8010 2987
8011 2805
8012 2894
8013 2545
8014 2664
8015 3227
8016 2671
8017 2762
8018 2626
8019 2467
8020 2867
8021 2735
8022 2957
8023 2704
8024 2805
8025 2703
8026 2681
8027 2941
8028 2623
8029 2666
8030 2457
8031 2857
8032 2556
8033 2822
8034 2630
8035 3001
8036 2851
8037 2489
8038 2687
8039 2578
8040 2629
8041 3232
8042 2786
8043 2760
8044 2955
8045 2593
8046 2552
8047 2971
8048 2560
8049 2457
8050 2773
8051 3026
8052 2700
8053 2593
8054 2706
8055 3089
8056 2672
8057 2935
8058 2770
8059 2646
8060 2497
8061 2853
8062 2887
8063 3094
8064 2782
8065 2638
8066 3379
8067 2404
8068 2859
8069 3040
8070 2935
8071 2548
8072 2781
8073 2782
8074 3097
8075 2759
8076 2615
8077 2995
8078 2925
8079 2737
8080 2785
8081 2709
8082 2896
8083 2698
8084 2691
8085 2594
8086 2591
8087 2681
8088 2849
8089 2856
8090 2822
8091 3270
8092 2969
8093 2921
8094 2728
8095 2647
8096 3081
8097 2681
8098 2928
8099 2835
8100 2966
8101 2719
8102 2481
8103 2805
8104 2599
8105 3170
8106 2626
8107 1677
8108 3049
8109 2855
8110 3068
8111 3042
8112 2632
8113 2511
8114 2584
8115 2807
8116 2942
8117 2825
8118 2728
8119 3279
8120 2879
8121 2882
8122 2614
8123 2907
8124 2944
8125 2937
8126 2593
8127 3064
8128 2791
8129 2643
8130 3035
8131 2675
8132 2943
8133 2871
8134 2728
8135 2879
8136 2634
8137 3027
8138 3226
8139 2667
8140 2627
8141 3047
8142 2699
8143 2354
8144 2655
8145 2756
8146 2961
8147 2856
8148 2859
8149 2610
8150 2548
8151 2717
8152 2818
8153 2669
8154 3050
8155 2627
8156 2715
8157 2642
8158 2854
8159 2646
8160 2725
8161 2799
8162 2674
8163 2426
8164 3785
8165 2967
8166 2947
8167 2719
8168 2955
8169 2675
8170 2790
8171 2588
8172 3053
8173 2683
8174 2715
8175 2656
8176 2715
8177 3020
8178 2689
8179 2733
8180 2829
8181 2719
8182 2743
8183 2996
8184 2676
8185 2566
8186 3180
8187 2408
8188 2903
8189 2583
8190 2709
8191 2840
8192 2823
8193 2998
8194 2982
8195 2820
8196 2570
8197 2705
8198 2843
8199 2798
8200 2793
8201 2955
8202 2810
8203 2868
8204 2960
8205 3039
8206 3088
8207 2780
8208 2621
8209 2820
8210 2992
8211 3128
8212 2555
8213 2950
8214 3084
8215 3009
8216 2645
8217 2586
8218 2984
8219 2830
8220 2633
8221 3022
8222 2893
8223 2939
8224 2777
8225 3079
8226 3009
8227 2764
8228 2726
8229 2875
8230 2817
8231 2965
8232 2826
8233 2651
8234 2952
8235 2501
8236 2780
8237 2585
8238 2457
8239 3020
8240 2883
8241 2653
8242 2767
8243 2764
8244 2815
8245 2615
8246 3402
8247 2832
8248 3108
8249 2465
8250 2590
8251 2731
8252 2901
8253 2703
8254 2824
8255 2965
8256 2742
8257 2907
8258 2879
8259 2922
8260 2785
8261 2676
8262 2577
8263 2970
8264 2534
8265 2381
8266 2769
8267 2750
8268 3121
8269 2854
8270 2740
8271 2514
8272 2676
8273 2670
8274 2532
8275 2537
8276 2832
8277 2714
8278 3118
8279 2493
8280 2823
8281 2550
8282 2942
8283 2742
8284 2673
8285 2778
8286 2872
8287 2743
8288 2525
8289 2486
8290 2907
8291 2766
8292 2589
8293 2685
8294 2805
8295 3031
8296 2487
8297 2887
8298 2722
8299 2668
8300 2788
8301 2863
8302 2922
8303 2868
8304 2892
8305 2944
8306 2668
8307 2971
8308 2916
8309 2701
8310 3036
8311 2892
8312 2782
8313 2763
8314 2430
8315 2518
8316 2846
8317 2643
8318 2852
8319 2785
8320 2685
8321 2475
8322 3080
8323 3106
8324 2676
8325 2459
8326 2762
8327 3048
8328 2810
8329 3203
8330 2826
8331 2976
8332 2666
8333 2679
8334 2456
8335 2612
8336 2609
8337 2860
8338 2863
8339 2356
8340 2574
8341 2539
8342 2592
8343 2767
8344 2672
8345 2717
8346 2712
8347 2493
8348 2407
8349 2714
8350 2874
8351 2379
8352 2453
8353 2765
8354 2898
8355 2573
8356 2827
8357 2693
8358 2796
8359 2973
8360 2846
8361 2730
8362 2455
8363 2850
8364 2762
8365 3052
8366 2812
8367 2575
8368 2274
8369 2472
8370 2877
8371 2536
8372 3042
8373 2575
8374 2695
8375 2685
8376 2870
8377 2813
8378 2617
8379 2653
8380 3021
8381 2967
8382 2783
8383 2598
8384 2492
8385 2801
8386 2473
8387 2785
8388 3170
8389 2735
8390 2583
8391 2765
8392 2526
8393 2659
8394 2503
8395 2656
8396 3008
8397 2708
8398 2239
8399 2967
8400 2905
8401 2805
8402 2915
8403 2596
8404 2572
8405 2708
8406 2773
8407 2836
8408 3347
8409 3118
8410 3135
8411 2747
8412 2561
8413 3095
8414 3157
8415 2707
8416 2829
8417 2448
8418 2793
8419 2340
8420 2507
8421 2863
8422 2391
8423 2622
8424 2573
8425 2458
8426 2941
8427 2998
8428 2590
8429 2871
8430 2636
8431 2863
8432 2420
8433 2665
8434 2769
8435 3048
8436 2632
8437 2647
8438 2629
8439 2744
8440 2663
8441 2561
8442 2591
8443 2532
8444 2473
8445 2655
8446 2566
8447 2973
8448 3061
8449 2655
8450 2917
8451 2589
8452 2726
8453 2623
8454 2777
8455 2764
8456 2373
8457 2411
8458 2657
8459 2703
8460 3118
8461 2670
8462 3096
8463 2836
8464 3196
8465 2636
8466 2585
8467 2748
8468 3111
8469 2285
8470 2600
8471 3107
8472 2953
8473 2700
8474 2482
8475 2813
8476 3045
8477 3068
8478 3202
8479 2753
8480 2565
8481 2907
8482 2966
8483 2843
8484 2881
8485 2806
8486 2991
8487 3022
8488 2944
8489 2479
8490 2826
8491 2590
8492 2571
8493 2595
8494 3015
8495 3174
8496 2985
8497 2906
8498 3042
8499 3102
8500 2697
8501 72
8502 2822
8503 2783
8504 2775
8505 2403
8506 2845
8507 2886
8508 3029
8509 2707
8510 2580
8511 3114
8512 2480
8513 2943
8514 2858
8515 2918
8516 2425
8517 2980
8518 2675
8519 3008
8520 2599
8521 2833
8522 2850
8523 2638
8524 2717
8525 2723
8526 2983
8527 2772
8528 2955
8529 2560
8530 2798
8531 2513
8532 2842
8533 2934
8534 3156
8535 2444
8536 2567
8537 2763
8538 2922
8539 2533
8540 2695
8541 2822
8542 2887
8543 2956
8544 2784
8545 2852
8546 2817
8547 3034
8548 2613
8549 2835
8550 2570
8551 2703
8552 2729
8553 2661
8554 2621
8555 2558
8556 2737
8557 3088
8558 2694
8559 2898
8560 2761
8561 2775
8562 2763
8563 3374
8564 2674
8565 3031
8566 2705
8567 2507
8568 2557
8569 2751
8570 2380
8571 2691
8572 2592
8573 2292
8574 2918
8575 2599
8576 2877
8577 3084
8578 2781
8579 2937
8580 2722
8581 2858
8582 2844
8583 2644
8584 2870
8585 2696
8586 2525
8587 2978
8588 2629
8589 2856
8590 2915
8591 2789
8592 2888
8593 2649
8594 2910
8595 2833
8596 2824
8597 2639
8598 2813
8599 2780
8600 2510
8601 2751
8602 2759
8603 2674
8604 2896
8605 2613
8606 2670
8607 2840
8608 2526
8609 2801
8610 2795
8611 2484
8612 2587
8613 2531
8614 3077
8615 2845
8616 2830
8617 2620
8618 3209
8619 2610
8620 2935
8621 2626
8622 2859
8623 2884
8624 2492
8625 2803
8626 2649
8627 3170
8628 2548
8629 2823
8630 2532
8631 2729
8632 2444
8633 2612
8634 2728
8635 2717
8636 2797
8637 2571
8638 3001
8639 2870
8640 2485
8641 2321
8642 2605
8643 2717
8644 2457
8645 2786
8646 2849
8647 2754
8648 2615
8649 3010
8650 3077
8651 2901
8652 2634
8653 2756
8654 3040
8655 2992
8656 2511
8657 2581
8658 2424
8659 2590
8660 3223
8661 2633
8662 2646
8663 2946
8664 2554
8665 2641
8666 2741
8667 2991
8668 2680
8669 2915
8670 2557
8671 2668
8672 2679
8673 2716
8674 2598
8675 2978
8676 2581
8677 2677
8678 3121
8679 2603
8680 2813
8681 2991
8682 2769
8683 2785
8684 2744
8685 2865
8686 2698
8687 2865
8688 2843
8689 2902
8690 2931
8691 2601
8692 2639
8693 2664
8694 2685
8695 2460
8696 2907
8697 2664
8698 2414
8699 2661
8700 2806
8701 3015
8702 2758
8703 2989
8704 2547
8705 2609
8706 2858
8707 2709
8708 2874
8709 2585
8710 2793
8711 2964
8712 3085
8713 2636
8714 2905
8715 3174
8716 3026
8717 2430
8718 2764
8719 2559
8720 2838
8721 2609
8722 3194
8723 2879
8724 2921
8725 2697
8726 2604
8727 3079
8728 2836
8729 2593
8730 3183
8731 2378
8732 2547
8733 2983
8734 2281
8735 2674
8736 2455
8737 2586
8738 2739
8739 2614
8740 2907
8741 2646
8742 2736
8743 2636
8744 2865
8745 2615
8746 2340
8747 2927
8748 2464
8749 2847
8750 2668
8751 2641
8752 2694
8753 2748
8754 2834
8755 2594
8756 2797
8757 2528
8758 3186
8759 3060
8760 2950
8761 2671
8762 2906
8763 2345
8764 2799
8765 2674
8766 2566
8767 3336
8768 3044
8769 2781
8770 2641
8771 3039
8772 2475
8773 2790
8774 2804
8775 2668
8776 2462
8777 2547
8778 2982
8779 2944
8780 2472
8781 2907
8782 2855
8783 3031
8784 2749
8785 2743
8786 2799
8787 2830
8788 2760
8789 2960
8790 2616
8791 2824
8792 2577
8793 2758
8794 2848
8795 2817
8796 2601
8797 2700
8798 2337
8799 3029
8800 2806
8801 2489
8802 2522
8803 2558
8804 2678
8805 3157
8806 2833
8807 2960
8808 3009
8809 2799
8810 2533
8811 2772
8812 2810
8813 2962
8814 3070
8815 2761
8816 1015
8817 2555
8818 2851
8819 2733
8820 2848
8821 2764
8822 2320
8823 2826
8824 3366
8825 3069
8826 3112
8827 2581
8828 2458
8829 3076
8830 2761
8831 2726
8832 2797
8833 2936
8834 2965
8835 2853
8836 2519
8837 2833
8838 2443
8839 3091
8840 2488
8841 2675
8842 2844
8843 2396
8844 2678
8845 2875
8846 2676
8847 2761
8848 2583
8849 3069
8850 3002
8851 2909
8852 3050
8853 2528
8854 2675
8855 2726
8856 2381
8857 2824
8858 2874
8859 2628
8860 2649
8861 2590
8862 2757
8863 3066
8864 2433
8865 2966
8866 2447
8867 2680
8868 2538
8869 2769
8870 2750
8871 3049
8872 2604
8873 2740
8874 2514
8875 2659
8876 2789
8877 2696
8878 2537
8879 2896
8880 2805
8881 2821
8882 2714
8883 2515
8884 2970
8885 2618
8886 2767
8887 2466
8888 2800
8889 3044
8890 2878
8891 2860
8892 2548
8893 371
8894 2873
8895 2828
8896 2685
8897 2868
8898 3133
8899 2343
8900 2887
8901 2531
8902 2906
8903 3026
8904 2720
8905 2645
8906 2730
8907 2808
8908 3039
8909 2809
8910 2843
8911 2934
8912 2701
8913 3064
8914 2486
8915 2782
8916 2848
8917 2834
8918 2698
8919 2867
8920 2230
8921 3043
8922 2715
8923 2724
8924 3035
8925 2524
8926 2636
8927 2798
8928 2708
8929 2707
8930 2862
8931 2515
8932 2910
8933 2616
8934 3178
8935 2831
8936 2878
8937 2828
8938 3089
8939 2585
8940 2984
8941 2631
8942 2677
8943 2834
8944 2580
8945 2559
8946 2634
8947 2649
8948 2761
8949 2821
8950 3213
8951 2807
8952 2954
8953 2809
8954 2379
8955 2653
8956 2765
8957 3062
8958 2580
8959 3361
8960 2436
8961 2796
8962 2748
8963 2888
8964 2675
8965 2492
8966 2411
8967 2895
8968 2520
8969 2389
8970 2347
8971 2800
8972 2785
8973 2626
8974 2681
8975 2374
8976 2641
8977 2628
8978 2549
8979 2686
8980 2897
8981 2492
8982 2440
8983 2898
8984 2751
8985 2751
8986 2454
8987 2903
8988 2689
8989 3191
8990 3118
8991 2478
8992 2657
8993 3074
8994 2825
8995 2820
8996 2504
8997 2503
8998 2910
8999 2971
9000 2817
9001 2487
9002 2836
9003 3032
9004 3008
9005 2915
9006 2720
9007 2820
9008 2551
9009 2714
9010 2673
9011 2591
9012 2475
9013 2678
9014 2530
9015 2708
9016 2651
9017 3217
9018 2770
9019 2812
9020 2587
9021 2942
9022 2861
9023 2405
9024 2635
9025 3045
9026 3008
9027 2372
9028 3028
9029 2613
9030 3061
9031 2496
9032 2800
9033 2859
9034 2592
9035 2658
9036 2886
9037 2883
9038 3119
9039 2265
9040 2968
9041 2462
9042 2718
9043 2702
9044 2327
9045 2696
9046 2485
9047 2646
9048 2808
9049 2731
9050 3054
9051 2758
9052 2581
9053 2912
9054 2989
9055 2687
9056 3100
9057 3240
9058 2625
9059 2674
9060 2566
9061 2904
9062 2670
9063 2863
9064 2904
9065 2565
9066 2390
9067 2703
9068 2872
9069 2668
9070 2676
9071 2877
9072 2816
9073 2860
9074 2472
9075 2966
9076 2820
9077 2670
9078 3199
9079 2881
9080 2678
9081 2831
9082 3189
9083 2547
9084 2580
9085 2948
9086 3003
9087 2690
9088 3024
9089 2974
9090 2866
9091 2534
9092 2781
9093 3053
9094 2821
9095 2905
9096 2928
9097 2458
9098 2810
9099 2674
9100 2974
9101 2888
9102 2942
9103 2844
9104 2672
9105 3080
9106 2781
9107 2868
9108 2558
9109 2834
9110 2806
9111 2719
9112 2602
9113 2721
9114 3044
9115 2490
9116 2801
9117 2296
9118 2601
9119 2699
9120 2676
9121 2818
9122 2798
9123 2573
9124 2956
9125 2740
9126 2617
9127 2980
9128 2723
9129 2983
9130 3147
9131 2955
9132 2560
9133 2798
9134 2474
9135 3018
9136 2378
9137 3002
9138 2910
9139 2706
9140 2797
9141 2737
9142 2963
9143 2924
9144 2924
9145 2610
9146 2931
9147 2909
9148 2714
9149 2751
9150 2864
9151 2684
9152 2835
9153 2360
9154 2325
9155 2756
9156 2686
9157 2857
9158 2650
9159 2527
9160 2628
9161 2867
9162 2826
9163 2688
9164 2666
9165 2906
9166 3029
9167 2757
9168 2641
9169 2668
9170 2462
9171 2717
9172 2751
9173 2411
9174 2642
9175 2592
9176 2692
9177 2669
9178 2927
9179 2724
9180 2733
9181 2402
9182 2812
9183 2664
9184 2743
9185 3094
9186 2644
9187 3186
9188 3073
9189 2525
9190 2983
9191 2538
9192 1489
9193 3120
9194 2658
9195 2861
9196 2736
9197 2545
9198 2796
9199 2695
9200 3131
9201 2507
9202 2527
9203 2917
9204 2740
9205 2700
9206 2590
9207 2699
9208 2997
9209 3281
9210 2840
9211 2941
9212 2768
9213 2650
9214 2380
9215 2636
9216 2635
9217 3107
9218 2801
9219 3169
9220 2615
9221 2670
9222 2767
9223 2211
9224 3054
9225 3130
9226 3277
9227 2570
9228 2927
9229 2649
9230 2714
9231 2444
9232 2823
9233 2327
9234 2923
9235 2444
9236 2240
9237 2552
9238 2568
9239 2838
9240 2693
9241 2537
9242 2691
9243 2667
9244 2651
9245 2806
9246 3050
9247 3041
9248 2784
9249 2486
9250 2980
9251 2614
9252 2684
9253 3077
9254 2962
9255 2634
9256 2772
9257 3218
9258 3121
9259 2511
9260 2897
9261 2995
9262 2761
9263 2805
9264 2517
9265 2636
9266 2626
9267 2780
9268 2663
9269 2594
9270 2458
9271 3102
9272 2760
9273 2507
9274 2959
9275 2353
9276 2929
9277 2598
9278 2943
9279 2647
9280 3211
9281 2824
9282 2673
9283 3129
9284 2632
9285 2861
9286 2924
9287 2672
9288 2612
9289 2677
9290 2852
9291 2696
9292 2814
9293 3106
9294 3201
9295 2951
9296 2620
9297 2544
9298 2646
9299 2698
9300 2664
9301 2825
9302 2728
9303 3146
9304 2993
9305 2770
9306 2966
9307 2752
9308 2765
9309 2441
9310 2655
9311 2612
9312 3044
9313 2572
9314 2796
9315 2675
9316 2546
9317 2931
9318 2955
9319 2879
9320 2634
9321 2792
9322 2559
9323 2930
9324 2879
9325 2986
9326 2655
9327 2535
9328 2902
9329 2863
9330 2914
9331 2894
9332 2697
9333 2967
9334 2703
9335 2547
9336 2779
9337 2281
9338 3128
9339 2759
9340 2672
9341 2642
9342 2614
9343 3036
9344 2646
9345 2585
9346 2447
9347 2867
9348 3115
9349 2777
9350 2788
9351 2571
9352 2573
9353 2587
9354 2964
9355 2877
9356 2751
9357 2420
9358 2594
9359 2762
9360 2453
9361 2900
9362 3203
9363 2493
9364 2397
9365 2819
9366 2958
9367 2974
9368 2607
9369 2865
9370 2903
9371 2560
9372 2600
9373 3081
9374 2427
9375 2961
9376 2805
9377 2848
9378 2570
9379 2888
9380 2352
9381 3015
9382 2583
9383 2564
9384 2818
9385 2889
9386 3257
9387 2602
9388 3008
9389 3048
9390 2547
9391 2780
9392 2621
9393 2641
9394 2411
9395 2629
9396 2455
9397 2591
9398 2841
9399 2862
9400 2700
9401 2337
9402 3029
9403 3216
9404 2795
9405 2714
9406 2814
9407 2666
9408 2904
9409 2816
9410 3078
9411 3139
9412 2739
9413 2852
9414 2753
9415 3195
9416 2473
9417 3202
9418 2774
9419 2326
9420 2555
9421 3140
9422 2733
9423 2848
9424 2764
9425 2320
9426 2711
9427 2795
9428 2815
9429 2910
9430 2665
9431 2861
9432 2449
9433 2811
9434 2984
9435 2923
9436 2901
9437 2764
9438 2771
9439 2935
9440 2774
9441 2752
9442 3029
9443 2662
9444 2606
9445 2847
9446 2749
9447 2815
9448 2769
9449 2168
9450 2891
9451 2803
9452 2572
9453 2882
9454 2811
9455 2940
9456 3183
9457 2576
9458 2370
9459 2758
9460 2676
9461 2780
9462 2526
9463 2649
9464 2882
9465 2411
9466 2842
9467 2623
9468 2647
9469 2447
9470 3032
9471 2683
9472 2556
9473 2431
9474 2542
9475 2802
9476 2679
9477 2446
9478 2973
9479 3026
9480 3119
9481 2917
9482 2722
9483 2610
9484 2635
9485 2905
9486 2488
9487 2906
9488 2540
9489 2998
9490 2466
9491 3072
9492 2724
9493 2933
9494 2775
9495 3359
9496 2698
9497 2515
9498 2932
9499 3322
9500 2366
9501 2643
9502 2549
9503 2785
9504 3068
9505 2802
9506 2737
9507 2744
9508 2450
9509 2838
9510 3084
9511 3055
9512 2833
9513 2758
9514 2632
9515 2658
9516 3364
9517 2715
9518 2274
9519 2691
9520 2725
9521 2973
9522 2813
9523 2305
9524 2627
9525 2510
9526 2724
9527 2921
9528 2448
9529 3034
9530 2623
9531 2745
9532 2609
9533 2802
9534 2648
9535 3011
9536 2591
9537 2870
9538 2845
9539 2873
9540 2746
9541 3115
9542 2619
9543 2779
9544 2619
9545 3182
9546 2736
9547 3036
9548 2645
9549 2731
9550 2669
9551 2761
9552 2744
9553 2652
9554 2877
9555 3016
9556 3047
9557 2958
9558 2695
9559 2632
9560 3125
9561 2526
9562 2578
9563 2436
9564 3222
9565 3126
9566 2813
9567 2675
9568 2562
9569 2858
9570 2895
9571 2652
9572 2389
9573 2694
9574 2800
9575 2159
9576 2784
9577 2659
9578 2837
9579 2533
9580 2786
9581 2126
9582 3220
9583 2826
9584 2996
9585 2745
9586 3134
9587 3247
9588 2952
9589 2335
9590 2773
9591 3026
9592 2741
9593 3054
9594 2631
9595 2636
9596 2943
9597 2968
9598 2914
9599 2988
9600 2518
9601 2913
9602 2856
9603 3170
9604 2857
9605 2818
9606 2943
9607 2745
9608 2567
9609 2458
9610 2820
9611 2522
9612 2728
9613 2853
9614 2593
9615 2946
9616 2678
9617 2530
9618 2719
9619 2618
9620 2669
9621 2796
9622 2756
9623 2322
9624 2922
9625 2695
9626 2976
9627 2532
9628 2634
9629 2850
9630 2566
9631 2973
9632 3183
9633 2845
9634 2902
9635 2734
9636 2732
9637 2623
9638 2658
9639 2748
9640 3307
9641 2870
9642 2648
9643 2763
9644 2816
9645 2462
9646 2283
9647 2569
9648 2853
9649 2772
9650 2769
9651 2627
9652 2710
9653 2958
9654 2802
9655 2718
9656 2912
9657 2832
9658 2615
9659 2813
9660 3009
9661 2625
9662 2692
9663 2599
9664 2950
9665 2978
9666 2998
9667 2635
9668 2647
9669 2862
9670 2991
9671 3022
9672 3056
9673 2448
9674 2963
9675 3007
9676 3003
9677 2562
9678 3015
9679 2773
9680 2443
9681 2906
9682 2900
9683 2656
9684 2697
9685 2839
9686 2840
9687 2813
9688 2510
9689 2914
9690 2628
9691 2851
9692 3063
9693 2848
9694 2430
9695 2763
9696 2428
9697 3060
9698 2905
9699 2849
9700 2241
9701 2597
9702 2585
9703 2998
9704 2386
9705 2743
9706 2651
9707 2637
9708 2982
9709 2862
9710 3143
9711 2884
9712 2707
9713 2575
9714 2884
9715 2735
9716 2904
9717 2934
9718 2961
9719 3006
9720 2296
9721 2601
9722 2716
9723 2676
9724 2632
9725 2738
9726 3101
9727 2305
9728 2474
9729 2654
9730 3178
9731 3122
9732 2723
9733 2648
9734 2421
9735 2637
9736 1492
9737 2514
9738 2621
9739 2378
9740 3002
9741 2732
9742 2792
9743 2836
9744 2834
9745 2725
9746 2763
9747 2549
9748 2922
9749 2733
9750 2963
9751 2644
9752 2805
9753 2601
9754 2988
9755 2620
9756 2762
9757 2876
9758 2707
9759 2510
9760 2857
9761 2660
9762 2521
9763 2895
9764 2866
9765 2826
9766 2603
9767 2665
9768 2759
9769 2874
9770 2623
9771 2978
9772 2629
9773 2882
9774 2715
9775 2821
9776 2533
9777 2444
9778 2419
9779 2676
9780 2599
9781 2511
9782 2841
9783 2858
9784 2462
9785 2806
9786 2759
9787 3094
9788 2916
9789 2586
9790 2732
9791 2711
9792 2807
9793 2827
9794 2457
9795 2760
9796 2728
9797 3120
9798 2886
9799 2771
9800 2745
9801 2796
9802 2695
9803 2894
9804 2320
9805 2561
9806 2925
9807 2757
9808 3204
9809 2563
9810 2685
9811 2724
9812 3100
9813 2741
9814 2650
9815 2445
9816 2833
9817 2916
9818 2937
9819 2678
9820 2716
9821 2540
9822 3245
9823 2473
9824 2524
9825 2449
9826 2605
9827 3392
9828 3130
9829 3122
9830 2711
9831 2841
9832 2758
9833 3071
9834 2935
9835 2672
9836 2781
9837 2717
9838 2735
9839 2694
9840 2650
9841 2796
9842 2857
9843 2693
9844 2891
9845 2780
9846 2591
9847 2932
9848 2554
9849 2806
9850 3041
9851 3002
9852 2336
9853 2352
9854 2667
9855 2491
9856 2629
9857 2612
9858 2861
9859 2930
9860 2637
9861 2639
9862 2980
9863 2963
9864 3151
9865 2761
9866 2805
9867 2710
9868 2916
9869 2560
9870 2845
9871 2846
9872 2808
9873 2658
9874 2651
9875 3094
9876 2639
9877 2817
9878 2799
9879 2682
9880 2835
9881 2910
9882 2532
9883 2934
9884 2962
9885 2739
9886 2361
9887 2647
9888 2652
9889 3069
9890 2861
9891 2709
9892 2471
9893 3377
9894 2696
9895 2964
9896 2812
9897 2999
9898 2698
9899 2997
9900 2919
9901 2802
9902 2402
9903 3251
9904 2729
9905 2721
9906 3194
9907 3031
9908 2921
9909 2975
9910 2886
9911 2445
9912 2442
9913 2990
9914 2721
9915 2942
9916 2680
9917 3004
9918 2609
9919 2657
9920 2455
9921 2537
9922 2602
9923 2737
9924 2570
9925 2750
9926 2797
9927 2686
9928 2848
9929 2874
9930 2535
9931 3010
9932 2616
9933 2854
9934 2862
9935 2834
9936 2941
9937 2748
9938 2657
9939 2882
9940 2598
9941 2705
9942 2849
9943 2959
9944 2826
9945 2671
9946 2732
9947 2360
9948 2765
9949 2777
9950 3144
9951 3115
9952 2748
9953 2781
9954 2917
9955 2573
9956 2302
9957 2649
9958 277
9959 3017
9960 2429
9961 2757
9962 2629
9963 2944
9964 3224
9965 2820
9966 2855
9967 3332
9968 2884
9969 2958
9970 2723
9971 2784
9972 2908
9973 2954
9974 2616
9975 2914
9976 3086
9977 2436
9978 2848
9979 2572
9980 3008
9981 2597
9982 3089
9983 2639
9984 2480
9985 2542
9986 2828
9987 2970
9988 3080
9989 3141
9990 2421
9991 2994
9992 3009
9993 2513
9994 2613
9995 3028
9996 2641
9997 3063
9998 2629
9999 2473
