785 16
333 9
540 14
807 10
344 26
846 8
884 2
265 13
847 25
203 -2
224 -3
39 3
864 2
396 15
778 4
10 13
583 24
995 24
246 10
900 5
963 10
837 -1
903 3
526 20
492 24
995 8
841 10
114 22
821 27
573 17
114 3
830 27
980 -1
223 1
265 -1
726 17
342 16
347 24
509 10
773 16
572 28
57 9
942 26
477 22
279 15
635 25
789 7
496 6
922 26
999 12
646 11
61 30
726 3
12 11
753 28
904 5
748 18
508 7
522 -2
686 16
318 26
355 11
493 15
57 13
224 21
199 -3
676 8
544 -1
678 -3
165 -3
659 21
64 12
267 10
0 20
364 26
377 8
92 26
612 13
945 17
93 14
708 29
679 14
542 -2
258 9
49 1
167 15
782 19
578 11
661 8
495 27
322 13
45 6
710 28
384 2
286 5
330 15
511 30
566 -2
585 24
222 1
813 19
50 27
382 6
443 -1
17 24
631 -2
576 19
102 15
622 -2
640 2
290 29
313 -2
920 -1
374 1
836 -2
575 10
632 25
723 15
869 29
760 21
80 20
890 -1
665 7
939 12
202 13
69 2
402 30
752 8
615 21
181 15
41 14
563 7
436 27
67 6
819 8
818 12
531 14
725 19
260 30
855 29
945 8
405 28
400 14
298 4
643 27
450 16
111 23
336 24
295 6
784 -1
3 12
608 -3
930 22
760 1
112 11
712 7
97 30
385 8
93 9
927 29
414 17
836 17
594 11
717 25
17 -2
789 -2
986 25
348 17
716 5
42 3
640 -2
808 10
527 1
177 23
659 1
909 18
558 17
828 13
154 30
316 3
347 26
831 5
417 21
249 17
908 9
825 21
82 19
732 13
704 10
213 7
91 16
589 6
862 17
161 28
490 2
691 9
792 5
949 22
323 25
860 25
398 20
246 10
40 20
50 27
364 17
336 25
22 3
865 5
707 10
883 29
729 21
101 2
9 27
61 16
303 16
254 2
447 11
511 12
655 8
382 2
70 -1
474 1
521 16
968 8
348 14
664 25
497 26
385 28
177 26
909 24
348 29
375 5
399 7
101 30
295 13
24 25
474 28
663 -3
237 22
141 5
900 2
12 -3
165 4
700 29
810 7
61 18
173 25
426 -1
808 28
411 7
524 7
330 30
968 15
114 28
360 7
361 27
927 23
188 30
462 23
383 13
618 18
10 23
730 8
841 28
584 29
338 3
264 3
924 17
478 7
542 9
438 -2
766 7
173 29
835 10
761 1
927 -1
733 25
74 -2
691 7
822 13
463 -3
887 8
4 2
752 -2
351 9
248 4
670 -2
153 2
207 28
775 11
518 17
484 29
569 18
62 17
593 21
235 -3
70 20
924 18
34 29
516 9
558 4
428 8
907 26
380 25
564 12
89 10
118 1
996 27
369 14
638 20
315 8
610 21
907 5
899 16
570 17
280 3
47 8
379 -1
369 20
700 6
382 22
844 14
928 29
352 17
577 6
810 27
52 17
399 13
911 2
774 15
46 18
223 2
141 26
631 19
853 -1
115 25
855 -2
863 7
556 -3
433 18
723 5
375 15
621 23
816 6
399 20
657 -1
306 11
147 28
854 15
602 7
323 3
367 23
405 15
124 7
25 24
355 5
665 -3
117 11
624 2
102 3
804 1
62 -3
205 26
579 12
775 2
333 21
120 22
60 7
823 28
923 1
559 14
466 2
342 22
929 18
774 13
156 13
867 10
549 21
803 26
328 7
217 4
663 26
631 8
181 24
350 3
337 6
259 4
282 18
913 5
901 10
762 8
449 12
706 13
570 26
326 25
397 2
612 24
520 1
313 2
446 8
204 -2
490 26
567 17
831 -1
386 24
937 27
634 23
160 3
12 9
131 12
521 25
386 4
546 3
550 6
684 2
278 17
86 27
771 10
580 25
56 23
727 9
58 21
918 18
546 29
673 3
317 16
122 2
588 20
817 5
871 5
747 17
841 12
579 25
673 20
940 24
542 12
903 25
218 15
741 23
323 22
344 2
601 12
549 10
445 21
602 -2
485 29
902 23
72 26
319 21
598 24
745 20
989 26
613 13
45 15
92 19
807 -3
214 16
810 21
739 12
231 14
522 6
781 24
874 11
828 1
336 25
630 24
737 9
773 8
662 12
378 5
623 30
333 6
50 5
269 15
923 27
123 27
482 14
796 29
423 26
924 6
135 9
537 19
782 22
442 5
239 -2
90 29
370 -3
469 9
173 17
778 22
546 18
564 1
361 24
297 29
126 12
872 25
988 -1
612 4
406 7
505 4
693 5
986 4
740 16
722 17
176 4
122 27
245 12
415 25
41 27
248 4
921 23
69 29
964 27
308 27
705 17
514 26
342 19
512 16
294 8
270 26
960 13
628 13
852 20
266 11
263 17
632 6
962 9
165 14
630 9
780 13
93 -1
615 29
264 7
542 24
275 15
54 12
392 16
288 15
796 16
987 11
528 4
945 11
7 5
406 15
296 13
719 21
625 19
743 1
560 8
990 20
629 3
826 4
848 28
273 6
501 5
190 27
558 1
733 18
675 13
330 7
401 21
105 23
977 12
513 26
119 11
705 27
321 23
913 15
986 11
582 8
798 27
872 5
967 2
727 30
271 23
566 7
426 4
637 6
770 15
254 9
56 17
702 27
849 22
685 -3
740 14
519 26
602 6
480 28
186 15
664 -2
952 29
592 20
362 4
202 2
999 27
837 28
641 6
836 24
668 26
353 28
105 23
424 30
656 23
156 26
308 14
389 26
893 20
271 2
586 8
407 12
992 19
978 23
791 29
385 29
947 8
696 21
542 24
201 21
215 22
606 15
326 24
158 26
77 14
699 11
96 28
380 2
652 30
270 21
338 5
139 18
690 24
883 15
840 28
574 27
454 19
850 21
831 9
871 -3
330 13
959 18
163 29
29 13
735 19
878 -3
703 -3
789 26
40 6
217 -2
900 21
247 5
230 25
929 -3
394 8
408 5
238 20
329 13
707 2
585 9
576 21
260 13
930 20
637 27
825 5
894 4
227 11
513 14
184 30
209 -3
728 6
886 19
246 8
982 8
633 29
766 4
367 15
973 4
413 16
449 20
782 30
686 5
429 13
144 18
474 16
551 6
905 24
961 8
982 -3
129 19
946 1
163 11
654 20
667 5
437 19
622 1
945 26
105 7
436 -3
618 9
146 -1
479 18
80 22
251 9
873 14
818 28
478 28
55 2
468 1
517 -2
23 23
378 12
558 5
219 -1
164 30
927 -2
562 19
509 12
599 16
598 23
812 25
618 28
631 11
423 -2
676 18
327 -1
896 25
420 28
713 18
604 4
758 28
501 9
561 26
465 25
628 18
260 13
696 27
318 7
185 16
132 11
445 27
444 9
289 22
853 20
960 27
862 4
685 14
926 9
201 16
74 30
591 -2
42 1
948 17
213 26
354 7
343 27
258 29
239 11
206 23
489 -2
251 6
412 13
421 4
238 26
413 16
349 3
473 9
846 5
539 -1
419 25
559 27
187 4
855 21
466 6
466 16
452 29
613 30
797 20
141 23
684 21
464 26
973 21
252 7
6 5
351 22
9 25
521 11
540 6
464 4
844 7
329 4
788 20
415 -2
478 17
777 6
465 15
241 -2
381 -3
728 27
8 -3
913 9
115 28
345 28
179 7
355 18
179 18
686 12
516 6
531 22
483 3
242 7
399 12
602 17
130 14
642 20
536 29
35 15
751 5
158 4
187 27
679 15
43 28
838 11
245 16
355 17
766 14
593 29
499 4
679 1
256 -2
758 1
800 9
908 24
250 12
72 -2
903 23
557 10
905 11
192 10
135 21
404 25
487 19
394 19
42 14
913 6
998 12
27 16
766 1
594 1
719 4
44 28
539 19
401 30
109 16
258 23
70 25
961 5
436 -3
630 9
148 20
718 1
614 28
632 6
909 23
681 9
933 -1
14 26
687 12
300 3
53 19
46 13
674 14
459 6
884 19
629 16
783 -3
749 -2
509 18
823 20
896 14
182 5
416 10
680 6
796 18
660 7
25 13
525 24
220 24
368 17
712 17
457 21
458 14
443 6
441 21
397 6
786 21
726 26
205 7
313 25
882 12
28 4
79 20
646 5
314 17
436 12
393 11
706 22
612 26
530 27
14 5
315 17
465 10
259 5
605 -3
126 19
250 15
821 29
22 5
315 9
145 1
732 30
717 21
829 4
623 26
430 18
742 24
722 7
796 9
52 2
22 11
829 16
268 29
175 -1
405 13
967 15
303 9
884 7
645 29
646 20
349 10
509 22
398 7
785 6
582 17
164 28
336 2
744 -1
436 15
323 15
113 11
333 28
704 8
946 28
786 3
184 20
358 27
634 15
933 4
711 1
810 17
253 16
786 28
566 15
981 6
811 25
241 1
301 -2
441 16
43 22
642 13
85 30
595 17
842 27
137 3
459 -2
896 6
138 -3
80 15
489 26
226 -1
882 14
646 2
273 8
66 13
357 15
501 9
838 7
777 23
952 7
21 2
495 6
266 11
202 27
652 18
444 20
212 5
134 -1
368 9
480 10
721 13
771 27
961 22
226 13
670 8
396 26
727 17
707 25
413 21
182 25
638 13
740 7
863 11
811 5
957 2
213 17
880 13
95 10
627 -2
552 20
393 12
629 -1
424 17
730 24
212 12
114 11
137 10
412 9
376 24
897 28
718 17
300 6
989 19
574 -2
603 27
202 28
160 25
221 21
445 27
955 -1
713 24
221 10
193 20
93 21
924 -1
807 3
567 15
76 30
147 19
572 11
138 13
426 21
519 17
636 26
605 12
980 29
766 23
126 30
149 26
363 19
186 4
828 29
596 -3
306 10
869 20
158 9
73 25
829 21
816 3
703 25
70 -3
495 1
387 14
371 19
237 2
3 1
76 24
667 21
290 5
960 26
565 23
556 24
311 24
490 15
679 7
152 17
550 -1
868 12
72 1
555 29
680 12
798 8
508 1
574 22
62 11
630 8
248 9
481 24
349 3
860 -1
669 14
280 22
187 4
109 1
624 18
724 12
49 17
200 5
638 20
6 13
304 6
347 16
676 12
931 -2
619 29
779 2
323 6
417 10
710 9
298 19
353 29
463 11
481 8
834 3
890 27
102 2
629 -1
840 8
786 12
990 28
819 23
542 9
381 23
821 25
330 13
925 27
786 2
228 16
247 26
507 14
50 6
500 7
304 16
954 18
241 15
72 23
201 28
329 23
629 -3
678 10
718 8
89 25
367 3
184 19
670 6
190 19
992 18
963 1
451 4
634 15
865 27
662 13
374 3
10 9
365 14
845 15
714 29
905 3
286 26
403 18
409 9
181 23
658 7
64 16
398 8
75 10
673 12
750 28
871 3
864 6
837 20
746 16
858 10
338 16
5 -3
211 5
848 26
341 16
999 22
609 24
252 7
387 24
548 25
107 18
456 29
391 9
468 12
726 14
370 15
404 1
541 9
807 14
772 17
549 -1
765 28
202 11
486 -1
48 3
537 19
877 25
85 6
988 -2
607 3
654 9
205 10
391 9
686 14
954 6
538 27
816 4
521 15
67 3
319 23
361 -2
892 6
367 -1
581 11
694 29
379 10
783 6
337 24
148 -1
529 4
86 11
350 26
242 11
142 1
615 23
944 1
765 -3
762 13
683 27
140 12
132 1
479 -2
926 30
14 17
480 26
38 -3
952 6
992 2
937 11
710 6
52 26
805 -3
298 16
636 8
987 22
13 30
248 6
613 13
949 6
87 26
556 9
331 8
741 13
714 26
548 15
920 14
659 28
396 23
705 19
505 18
759 2
247 22
418 24
558 15
69 27
416 1
352 6
45 3
842 25
119 28
343 21
122 20
677 4
939 -2
310 -1
358 14
636 23
548 4
223 -2
336 16
976 26
603 29
739 1
37 25
230 9
994 4
230 12
832 28
85 25
243 15
980 13
418 27
294 7
641 18
602 18
825 9
996 7
413 24
361 12
210 17
594 8
758 19
91 30
801 3
243 3
153 20
62 21
902 27
864 18
575 28
802 1
171 16
899 -1
114 25
507 4
295 22
136 5
453 19
992 29
714 9
649 3
473 25
53 9
89 -2
78 4
916 3
504 19
343 4
234 4
657 7
635 19
399 3
689 12
178 24
494 9
769 1
366 13
452 -1
338 17
87 20
338 19
122 17
760 24
845 30
136 2
985 14
251 25
487 12
953 19
652 28
128 24
632 3
277 18
753 14
661 23
699 6
558 9
14 14
852 24
746 -1
437 13
969 5
385 13
922 27
737 25
338 16
671 21
290 24
411 1
209 26
958 29
642 20
389 11
573 -2
840 5
393 11
587 11
644 5
324 15
518 2
402 -2
588 26
26 21
552 16
414 19
827 23
953 -2
451 20
846 -3
824 1
493 -2
42 11
274 20
586 -3
974 16
181 8
852 25
731 8
307 1
495 14
26 14
338 3
634 4
551 30
964 4
631 20
930 14
451 17
41 29
145 25
274 22
13 1
681 8
27 16
224 17
351 7
509 12
13 26
174 29
271 25
527 17
963 17
307 16
359 8
116 20
844 24
617 9
852 26
541 12
437 -1
794 16
371 6
261 18
162 3
150 23
716 14
306 6
172 9
422 14
421 -1
875 6
471 7
774 -1
735 15
405 16
513 22
251 28
851 16
25 9
374 -3
381 28
974 2
334 8
25 21
697 8
421 -3
696 10
121 6
542 -3
620 9
539 -2
767 6
929 22
520 3
742 -1
46 25
113 10
196 6
671 7
938 21
286 18
152 -1
334 19
393 26
830 25
633 14
779 -3
644 19
148 14
564 14
507 30
398 7
530 7
986 21
25 14
208 17
214 19
852 25
594 3
422 17
914 8
524 1
910 21
280 2
271 13
558 11
669 26
468 8
788 16
590 16
943 5
651 6
84 20
605 1
81 22
63 18
537 9
75 17
596 22
514 23
304 27
567 -2
520 -1
49 27
901 10
903 2
874 8
795 23
584 29
132 20
450 -1
775 30
733 9
865 2
311 -2
777 16
46 2
941 26
165 5
283 27
588 16
481 19
799 30
488 28
618 15
2 11
93 -2
619 22
907 29
295 -3
387 27
88 19
50 8
680 3
563 17
941 3
945 12
813 17
162 7
704 21
584 30
461 -2
905 3
471 20
459 6
489 3
246 27
272 -2
571 30
728 28
696 1
939 7
367 10
61 29
73 29
942 1
322 29
424 17
624 5
850 29
169 24
864 26
700 15
94 8
369 19
340 25
418 18
79 20
699 -2
605 28
98 7
404 -1
545 -3
305 18
407 16
582 24
502 14
372 30
422 21
499 -2
854 26
154 -1
322 27
840 25
801 -3
472 24
840 13
260 -1
621 22
210 16
47 15
181 30
640 2
961 23
930 17
677 16
188 4
356 23
869 17
644 16
486 13
785 6
333 3
90 29
928 17
291 21
43 10
169 22
135 28
974 10
314 19
732 14
895 26
776 10
682 30
90 25
798 20
120 -2
420 8
580 11
116 20
210 24
570 -2
119 21
230 25
527 24
918 3
514 24
68 26
657 28
526 20
767 27
552 -3
595 18
102 3
784 8
426 -3
489 5
414 4
253 -2
640 26
59 17
1 23
725 24
772 30
439 16
557 15
359 9
393 11
346 11
798 24
970 27
404 -1
65 7
450 24
229 23
906 21
51 22
0 30
499 4
14 -1
889 4
625 -1
396 4
971 23
471 6
37 28
484 20
36 8
338 25
303 19
696 12
363 26
179 -1
989 -3
872 2
113 24
586 -1
688 22
536 16
707 30
66 10
821 15
166 -1
240 14
546 26
577 23
271 22
634 -2
30 2
764 17
519 26
336 11
578 19
643 29
454 23
478 10
388 3
16 18
291 16
713 20
147 22
44 27
138 9
794 17
438 -2
671 29
829 10
356 26
394 27
465 -2
655 30
332 11
181 4
759 22
545 5
579 10
632 21
320 30
973 1
326 3
497 4
625 6
764 4
971 -2
738 4
682 6
470 30
697 28
268 13
49 5
530 14
369 11
537 18
500 23
284 7
684 19
145 4
316 8
279 4
740 12
352 -2
624 19
294 28
159 15
716 -3
7 12
375 30
745 26
455 6
922 19
764 7
241 28
244 29
597 4
484 26
900 20
210 24
998 18
916 30
896 16
280 18
195 26
169 26
108 26
858 20
201 9
702 14
945 25
902 13
773 26
284 -1
430 3
612 11
722 12
114 15
277 -2
370 28
949 14
736 23
938 1
20 6
684 7
512 24
982 28
699 20
426 24
258 28
344 14
959 18
341 20
284 29
277 27
348 5
498 10
635 30
262 28
919 20
285 26
671 4
592 4
462 14
129 12
810 2
491 28
347 24
743 12
859 30
377 3
378 6
117 7
526 30
244 13
196 27
494 11
811 14
801 15
537 30
419 4
125 10
358 29
265 22
55 -2
871 15
78 27
57 24
297 21
95 24
797 17
118 13
609 8
196 1
577 8
205 12
526 2
928 8
934 25
365 25
252 20
568 18
612 28
35 18
932 19
779 9
419 27
33 23
713 1
422 13
666 19
515 3
110 28
916 -3
752 11
986 3
91 4
89 12
539 25
730 -1
123 13
490 16
460 20
336 7
962 5
292 11
550 13
771 20
859 28
718 19
407 13
969 28
202 -3
188 13
715 3
801 8
874 -1
790 13
703 9
326 19
757 11
383 1
275 11
341 13
993 -2
1 22
640 24
552 8
48 12
905 9
774 5
824 28
68 15
982 19
326 28
581 15
532 6
851 27
619 29
806 -1
732 11
756 30
699 5
368 27
373 11
873 3
626 -2
749 17
314 20
402 26
877 6
811 9
47 2
446 23
842 6
549 25
345 26
143 15
30 -1
889 19
474 21
145 9
653 21
38 27
707 29
292 9
294 6
715 5
422 25
44 20
286 4
711 9
440 25
308 25
471 24
481 19
818 15
34 8
780 9
155 17
971 7
550 22
746 4
201 5
701 6
959 -1
550 19
480 19
378 29
596 14
705 12
355 6
724 17
384 14
551 -1
334 17
866 4
580 2
866 17
647 9
228 22
966 28
622 14
716 24
356 27
868 1
372 12
465 10
348 27
333 2
837 28
29 10
680 15
937 22
88 29
353 28
771 27
974 20
564 30
292 -1
557 14
351 23
317 25
745 10
545 26
673 -2
93 16
697 24
543 26
802 13
635 22
97 21
364 2
457 5
84 17
265 -2
729 22
925 28
114 7
491 3
25 11
362 1
960 23
257 1
978 25
115 21
685 8
721 27
294 21
226 1
340 6
816 3
848 21
577 1
4 18
501 26
337 10
955 18
366 -2
27 13
72 21
169 9
940 8
474 21
577 14
136 -3
603 21
763 5
823 2
473 10
327 3
117 6
271 13
744 15
223 20
10 -1
39 -1
766 10
9 29
862 8
981 23
486 13
23 30
113 8
937 26
635 5
946 17
275 17
744 25
56 28
941 -3
136 10
327 12
70 15
655 25
921 18
296 5
699 25
579 22
685 15
703 3
194 12
594 -3
672 17
278 -1
369 1
601 1
50 19
523 30
297 3
957 24
101 23
553 2
601 -1
891 14
454 26
597 19
371 -1
276 19
619 30
487 28
704 24
205 17
757 4
804 12
986 30
667 2
473 18
357 28
768 19
45 19
757 3
972 3
858 23
796 14
568 8
133 -2
46 14
139 22
955 27
833 -3
423 11
583 10
619 7
459 3
439 -3
202 19
83 -1
535 10
221 19
555 16
1 8
309 15
346 -2
128 18
277 8
82 25
76 5
221 22
805 22
593 9
885 19
985 2
973 7
854 22
29 19
547 28
308 17
253 20
785 25
417 16
69 29
650 -1
593 10
719 27
452 26
759 24
313 10
140 6
738 19
353 24
337 6
871 11
999 22
494 2
739 13
195 8
297 23
430 25
94 -1
412 26
358 18
953 22
817 16
894 23
605 -3
795 12
900 13
367 2
522 5
261 30
963 3
157 5
608 25
772 18
349 12
318 6
258 17
662 18
10 -2
807 9
401 6
22 -1
452 28
896 17
125 10
624 11
757 30
105 10
70 -2
419 27
170 27
148 12
443 30
458 28
550 7
149 3
481 14
699 16
293 10
668 19
162 27
284 7
412 16
78 24
498 9
275 9
511 -1
557 16
531 11
735 9
597 30
198 26
805 17
618 25
401 6
959 15
760 10
53 26
414 13
736 22
224 25
803 -2
101 20
463 5
994 13
389 28
619 -2
268 5
870 2
307 17
779 17
877 6
961 14
612 16
565 -2
144 3
637 1
581 15
746 21
424 16
13 5
638 8
854 23
290 6
323 20
622 10
671 8
845 20
548 27
228 16
130 12
14 -3
316 22
743 7
860 16
20 -3
196 10
257 13
506 16
436 9
433 29
772 30
572 6
631 9
100 30
656 19
73 17
409 1
486 30
67 12
135 1
434 30
71 -2
233 28
274 23
139 21
427 19
228 26
185 19
145 24
456 12
34 12
497 27
463 6
482 28
477 11
795 15
399 25
951 24
508 -3
560 10
467 2
808 24
149 22
148 2
995 27
675 1
91 27
649 5
80 13
686 19
446 27
256 13
941 2
102 24
450 17
750 -2
601 29
430 5
19 -1
654 3
879 8
652 10
199 9
692 8
961 14
929 22
366 25
335 24
780 7
426 23
47 25
613 18
789 5
4 6
745 10
703 9
303 21
735 -1
448 -1
80 6
855 3
523 1
936 10
762 16
712 28
987 18
542 3
47 15
392 22
523 8
32 18
315 27
521 -1
250 -2
63 -3
172 27
533 23
687 24
906 -3
782 20
408 20
971 7
785 29
558 22
809 9
768 25
558 25
152 10
287 24
607 5
128 12
503 5
275 7
34 18
217 3
56 20
838 20
8 25
915 5
554 2
435 26
515 30
206 26
557 3
365 24
128 14
174 19
77 24
828 14
759 4
790 17
254 1
632 9
929 15
184 10
419 3
102 15
734 20
994 22
668 10
590 8
195 22
238 22
515 21
224 23
618 18
32 17
290 7
528 23
816 2
522 26
361 5
945 8
667 6
400 8
309 29
115 13
538 9
705 27
51 7
422 7
184 26
876 8
98 23
180 6
40 23
835 19
193 18
770 11
866 11
489 20
208 7
387 29
458 -3
919 16
65 -2
395 17
290 9
870 30
446 8
884 18
873 20
670 24
311 30
239 4
459 21
888 21
822 16
47 28
369 26
852 -2
164 27
300 18
743 29
507 4
516 -3
106 1
820 16
454 25
459 29
655 9
282 8
624 17
214 8
796 16
38 -3
692 4
983 -1
342 25
462 8
927 15
660 15
792 22
31 1
635 9
633 13
179 4
749 16
2 4
998 13
19 11
452 9
409 17
178 10
529 19
881 1
894 19
966 15
546 30
662 -1
876 15
109 28
207 19
636 16
318 11
386 17
419 5
619 16
152 14
895 9
482 15
924 28
781 21
357 12
986 18
75 30
326 20
264 19
473 27
613 23
940 9
454 13
299 18
305 18
298 19
310 3
743 7
799 27
197 25
874 10
499 22
363 2
677 25
451 6
733 28
536 2
283 9
86 2
159 11
456 15
452 17
256 21
9 18
896 13
492 2
723 7
202 21
564 15
143 16
943 16
174 6
594 25
522 -1
696 6
532 7
669 8
812 20
241 19
93 7
931 7
15 -2
64 28
181 3
245 2
950 19
497 3
664 -3
995 15
563 13
448 28
783 20
723 12
667 6
983 11
799 26
684 16
93 10
224 7
400 4
450 30
172 -3
920 5
956 12
373 1
715 9
772 14
269 15
889 29
188 9
531 28
16 18
95 22
473 -2
65 14
776 4
835 25
124 3
920 19
368 27
784 12
558 28
110 30
659 23
341 11
634 24
544 12
268 -2
908 10
327 13
666 26
754 22
542 10
12 16
708 4
934 5
161 7
937 18
2 9
641 -2
981 21
459 8
885 15
944 25
557 13
733 12
233 16
680 -3
660 29
936 19
212 7
312 30
216 19
554 15
236 6
447 24
429 -3
726 11
51 3
596 30
956 21
117 23
376 16
481 25
233 11
893 11
872 16
865 11
293 17
764 27
734 4
207 26
915 17
825 3
900 -3
220 12
140 27
329 23
667 10
472 22
872 13
21 13
859 22
265 30
495 1
889 15
270 24
912 10
49 2
704 8
695 8
673 2
127 20
711 27
512 -2
513 1
89 18
485 13
301 14
43 22
375 24
983 4
601 7
467 26
70 17
782 -1
650 27
956 5
524 26
271 8
793 3
217 21
3 -2
183 9
577 4
249 21
800 28
185 -2
12 -2
749 11
362 2
707 22
727 11
551 26
843 25
494 8
903 27
285 7
56 -1
805 -3
575 25
193 9
127 7
166 5
59 5
876 2
614 -1
756 12
46 27
422 1
530 13
8 15
623 12
362 6
301 28
88 4
661 23
249 -1
519 9
486 16
857 6
782 13
371 -1
878 15
345 6
40 2
27 26
796 23
627 3
962 2
988 -1
356 27
973 16
995 17
640 28
854 13
901 4
299 19
445 30
528 4
982 9
987 25
875 17
259 28
411 23
640 9
424 21
615 2
950 7
795 14
439 12
312 15
839 5
742 5
482 22
956 28
910 6
659 6
531 23
31 24
464 2
598 21
542 12
752 -2
452 5
753 29
168 19
149 8
232 24
17 28
207 3
517 1
347 11
219 18
363 -1
214 30
583 1
929 21
818 21
815 -1
11 19
378 2
505 2
418 19
399 28
840 22
614 23
731 10
681 -3
839 15
771 30
486 13
167 20
741 11
326 12
179 5
425 4
907 18
104 20
255 8
256 6
424 16
305 6
981 17
296 21
756 13
885 9
230 19
282 -2
872 -2
509 8
801 7
828 22
728 23
65 30
628 28
240 15
951 17
968 2
519 19
358 10
808 24
9 16
465 30
787 29
861 28
625 8
786 11
40 1
699 -1
483 12
191 19
982 -2
313 24
687 17
144 14
938 24
361 6
702 28
658 17
90 5
617 -1
924 21
763 19
535 22
645 -2
731 4
930 23
430 -3
833 10
879 11
323 13
178 -3
266 25
228 26
511 29
831 7
296 13
314 9
105 5
584 -3
977 22
6 26
278 21
296 19
106 21
380 28
787 10
141 27
346 29
264 -2
928 -2
413 14
555 11
485 18
765 25
661 23
944 2
18 19
290 2
81 27
667 19
374 1
449 -3
433 -3
266 -1
664 7
889 5
224 13
79 1
718 23
584 17
246 15
883 28
802 5
756 21
884 3
558 28
398 28
410 15
788 1
848 -3
530 22
832 26
864 6
616 20
747 22
368 9
497 25
230 6
819 24
331 2
776 12
776 5
690 13
920 12
271 1
741 22
156 11
519 -3
485 26
951 2
798 24
768 -1
392 -2
495 4
305 23
860 30
610 -2
152 12
758 12
158 14
142 2
813 21
238 14
277 19
828 2
218 22
730 9
200 13
614 18
680 23
484 22
314 2
853 28
100 29
355 26
234 16
497 15
74 -2
704 -2
846 21
597 19
959 26
455 9
56 28
53 -1
922 22
782 8
996 20
607 16
222 27
652 1
690 20
75 12
663 9
560 24
806 9
660 25
753 8
418 13
924 21
783 29
240 1
777 21
880 3
491 28
934 21
389 30
515 25
346 8
705 20
722 15
879 2
657 26
270 11
335 27
193 20
722 23
599 19
862 -1
163 9
314 10
737 30
909 27
883 11
191 21
175 -3
387 4
143 -1
991 5
348 30
851 27
896 21
285 15
869 12
413 5
712 7
193 18
192 9
849 -1
83 29
806 6
982 22
949 16
874 28
155 23
745 7
308 15
118 25
612 5
952 17
13 15
813 9
541 25
956 26
762 9
261 3
613 -1
478 13
577 6
847 9
938 2
977 14
750 4
400 26
528 12
727 11
170 7
692 2
132 10
467 23
232 14
567 21
637 11
595 3
938 14
869 1
989 26
853 16
164 18
830 21
921 9
750 15
128 29
742 5
318 -1
375 29
629 16
108 15
936 9
481 14
180 2
504 12
596 6
513 7
648 25
829 24
503 29
630 19
521 29
725 10
19 3
692 21
794 23
906 19
506 1
974 10
188 6
887 7
600 20
654 25
66 9
669 3
468 18
590 -2
778 5
2 12
104 6
912 -2
861 25
680 20
299 11
669 4
720 28
8 19
64 2
149 -1
52 13
280 15
232 22
918 19
835 17
266 10
646 12
924 16
858 17
116 10
617 -3
279 18
594 30
944 5
810 30
218 1
625 26
95 14
886 4
636 11
110 -1
987 18
81 4
358 24
755 18
516 27
430 -2
352 -3
50 -3
555 -1
789 24
141 25
673 19
519 4
115 -1
713 5
153 7
456 18
823 11
343 1
297 20
753 -2
269 7
91 27
190 6
533 27
790 2
771 16
371 26
259 28
322 6
738 8
930 29
771 23
441 24
624 24
75 23
40 28
715 18
956 19
840 25
889 -2
59 8
336 15
537 22
784 25
618 26
402 8
674 19
969 13
435 8
691 26
234 10
895 1
170 5
284 9
187 11
902 27
124 -2
377 18
232 3
845 -2
181 9
675 14
40 18
85 -2
357 11
186 28
467 24
669 -3
235 29
17 29
146 -1
419 8
56 10
711 30
448 3
941 29
904 2
41 3
176 -1
857 29
111 23
186 -3
857 11
997 7
103 25
678 7
72 10
462 26
351 9
309 26
659 -2
460 7
525 10
73 9
122 14
376 28
285 19
343 25
159 2
591 9
716 25
825 14
104 5
637 8
777 25
494 4
318 28
709 22
76 3
803 17
696 10
102 12
109 29
438 -3
933 27
119 17
387 23
382 19
437 24
535 16
866 28
940 18
798 25
108 26
947 21
102 26
937 14
374 -2
963 20
675 1
684 28
908 -1
920 7
499 28
34 6
141 20
162 29
806 20
786 14
803 14
771 -3
679 2
794 7
112 29
710 2
98 27
316 25
294 16
83 17
570 8
39 17
296 11
252 4
10 14
11 16
866 9
164 23
6 11
846 7
819 21
538 21
25 -3
121 27
263 22
559 -2
795 10
885 -1
735 27
996 29
566 8
375 6
347 28
983 27
763 16
991 11
502 4
587 12
952 21
621 1
112 27
901 29
760 27
871 22
921 14
498 24
854 14
50 5
317 20
680 26
884 22
400 24
62 30
945 3
348 12
754 15
675 1
159 19
362 28
393 13
203 12
949 12
114 23
19 3
571 1
357 20
958 25
468 25
178 12
320 15
419 20
201 3
238 8
31 30
122 2
908 20
198 20
175 -3
870 2
442 30
530 30
614 -2
256 8
62 3
71 28
182 11
459 5
812 12
586 3
940 28
121 -1
961 19
956 28
803 10
798 7
173 3
872 8
655 19
637 6
537 30
342 12
858 7
384 30
739 2
647 13
622 30
52 14
318 7
113 12
873 3
869 15
638 10
982 13
546 26
932 26
108 27
565 -3
457 13
299 28
905 18
334 25
457 19
200 11
716 30
553 27
236 15
384 27
263 -2
429 20
301 25
361 24
67 9
869 14
721 26
557 9
923 10
144 26
210 -2
387 4
457 7
427 8
359 26
737 22
878 4
902 28
338 10
886 23
797 23
342 9
829 24
225 14
686 -2
962 9
568 29
489 27
693 29
181 16
980 5
168 21
384 -1
400 19
572 21
241 1
312 2
61 17
695 19
95 18
458 3
48 29
940 30
954 13
502 22
66 3
456 7
730 4
772 6
140 27
23 -3
110 3
674 15
69 26
995 1
117 3
695 14
406 8
519 11
571 11
503 2
872 29
233 23
322 26
380 23
830 24
879 21
454 27
812 1
460 26
382 26
801 -1
446 10
12 25
646 23
505 20
918 27
263 -3
841 14
90 1
580 24
286 8
469 8
233 -1
386 25
16 20
549 -1
770 20
187 5
64 5
951 17
547 13
9 -3
325 18
485 19
269 28
568 -3
250 6
793 9
101 25
837 26
626 22
111 -1
703 10
563 -2
470 3
529 -2
618 22
796 -2
302 19
290 8
859 -3
219 20
706 10
664 13
350 14
740 25
939 12
7 10
450 14
243 20
5 2
578 9
664 29
511 1
813 24
975 16
259 25
237 25
281 8
408 10
27 6
673 20
985 9
788 27
997 17
899 13
475 -2
149 9
948 19
361 8
84 17
376 -1
465 22
63 13
649 17
112 2
801 21
677 2
363 11
598 13
22 5
716 -1
154 6
843 11
740 4
599 13
851 30
562 22
866 20
12 25
269 10
974 2
191 26
295 30
810 23
786 23
9 7
380 6
371 4
638 26
120 26
990 2
151 22
129 11
160 9
253 -2
324 4
804 -1
674 27
537 13
55 19
428 30
140 15
283 1
882 13
473 28
318 -1
405 24
173 23
741 27
869 30
175 12
175 9
190 14
822 11
935 -2
355 29
436 -3
737 19
545 13
796 20
188 15
14 14
923 28
878 15
115 8
195 25
414 27
772 11
594 -2
772 5
446 16
871 22
364 21
37 -2
352 28
28 22
213 25
529 7
445 6
56 -2
823 21
184 8
821 5
535 25
330 1
998 26
251 10
643 26
711 9
565 1
326 21
500 16
496 11
578 26
196 12
984 7
829 18
246 1
136 21
791 24
467 2
942 6
626 22
943 27
613 -1
832 29
91 20
208 6
854 21
290 25
298 24
812 22
415 16
300 25
11 20
467 17
461 18
681 21
676 8
332 30
104 5
47 20
71 21
739 15
200 25
768 13
414 10
871 26
520 25
211 7
280 15
82 -1
932 7
741 23
438 10
125 21
379 -3
952 -3
678 7
873 -2
599 -1
491 27
743 7
286 28
970 2
589 26
264 30
332 14
634 29
544 10
461 29
486 12
970 27
564 5
337 8
902 23
825 25
323 10
288 5
223 28
607 29
527 17
159 25
797 21
678 24
685 19
137 17
374 -3
520 2
949 22
514 22
481 6
5 20
43 21
769 9
644 30
589 23
721 29
493 6
9 12
335 30
773 20
747 28
814 8
495 5
235 15
805 28
305 19
290 21
524 6
717 -1
556 2
878 2
917 11
401 7
935 10
266 18
863 25
83 27
87 20
230 -2
300 -3
710 26
180 24
737 25
140 8
395 -3
190 12
782 4
902 6
642 8
287 1
752 -2
324 21
996 9
650 20
983 8
982 29
856 -1
244 12
290 2
323 11
726 3
942 19
368 15
204 28
426 -1
543 28
328 15
14 17
31 7
799 26
767 19
536 9
608 14
301 16
569 7
785 7
623 18
576 2
47 29
465 13
39 1
71 25
130 10
366 16
87 -3
925 -3
571 15
365 30
31 1
617 2
770 1
435 22
239 25
133 18
59 18
840 11
525 16
869 -2
473 -3
677 6
890 2
974 30
970 12
100 17
8 17
214 23
710 22
245 11
629 -2
516 10
336 15
418 25
599 -2
392 11
721 1
627 13
385 18
877 13
129 26
468 24
595 8
766 2
129 4
18 8
200 5
320 5
566 23
190 14
152 25
492 8
813 23
147 21
917 1
44 21
600 29
586 22
177 8
981 7
691 -1
432 7
604 7
509 23
539 23
990 23
779 15
541 30
309 20
361 26
627 22
406 3
699 26
188 30
216 12
209 8
813 9
180 17
741 17
341 14
490 11
918 30
447 9
750 6
653 4
159 13
980 12
551 12
333 8
234 3
321 -1
728 2
268 13
644 25
576 27
73 13
119 9
381 -3
336 19
486 14
22 1
689 9
600 3
289 17
818 7
222 14
856 13
32 2
624 14
718 18
665 6
764 17
153 5
948 10
751 19
66 4
426 9
647 15
256 27
226 6
103 17
664 2
729 2
858 3
138 29
110 11
262 4
610 4
312 5
209 10
4 -3
848 24
938 21
252 26
222 26
420 7
969 4
733 17
471 14
215 -3
159 25
37 -3
12 22
320 25
592 17
70 5
152 30
674 6
992 22
923 9
123 8
214 26
857 2
129 11
992 14
370 23
726 17
163 2
271 21
988 24
214 16
874 15
126 23
669 26
574 13
7 29
375 2
915 11
489 6
846 4
882 21
588 22
452 12
76 -2
453 29
913 15
371 11
969 18
453 -1
713 28
661 -2
798 23
410 28
602 22
459 18
619 1
694 24
884 -1
405 1
665 24
279 12
497 27
339 13
294 12
977 15
2 17
671 4
464 20
240 21
564 -3
887 28
491 4
823 10
129 -2
132 28
771 24
165 -3
659 18
626 2
434 5
313 7
406 18
525 2
242 14
576 10
952 28
768 25
492 20
931 20
960 26
53 30
797 3
821 9
214 7
821 10
723 28
861 12
910 29
199 -3
410 27
823 23
650 19
733 6
506 6
510 24
546 23
198 7
837 17
606 13
555 28
349 5
753 11
244 29
726 1
416 -3
786 9
698 22
382 17
739 27
152 21
494 15
357 10
737 18
110 6
504 28
806 6
713 5
577 23
926 3
513 30
661 14
562 11
972 3
930 29
852 22
808 11
717 21
587 30
790 21
816 -1
503 24
891 1
243 23
906 28
114 12
11 24
359 12
988 30
558 28
61 9
577 8
682 13
614 1
771 16
286 -2
307 23
837 13
604 30
749 -2
190 13
462 25
518 -1
996 10
686 3
86 15
485 26
365 10
588 13
698 18
436 30
821 8
179 30
369 13
307 27
985 4
602 17
434 8
132 12
887 19
489 4
512 9
478 7
140 25
725 20
520 25
878 12
30 -3
294 3
568 4
687 24
753 -3
799 10
462 24
289 9
815 28
281 13
344 19
810 8
341 23
605 5
782 23
464 -2
770 18
270 11
512 20
176 7
264 29
388 24
934 10
161 22
891 12
543 29
387 22
986 25
782 24
45 19
571 29
379 17
739 20
498 -1
505 10
368 22
774 25
949 1
103 23
58 17
93 26
971 6
463 10
59 11
762 12
712 19
729 10
801 1
213 26
724 23
254 21
527 17
783 13
139 3
360 6
766 21
900 12
754 20
7 -3
485 24
465 26
141 13
81 17
418 25
226 -1
812 26
902 5
830 7
996 28
407 20
938 22
162 10
989 1
350 15
175 -3
93 21
164 14
488 13
66 30
516 28
662 12
347 18
480 28
907 13
662 13
102 22
839 -2
419 9
608 25
512 18
364 6
532 3
433 25
28 27
195 17
727 26
889 23
628 17
9 1
716 29
264 1
767 23
533 -1
239 12
510 29
339 2
6 -2
458 6
490 16
403 17
381 17
224 -1
710 22
817 18
790 2
518 10
411 28
944 13
20 16
42 5
827 7
271 6
619 12
351 27
378 12
754 11
743 2
240 1
775 15
333 25
836 24
11 15
620 24
791 27
866 7
509 28
104 15
636 4
640 3
112 3
23 28
887 26
460 26
608 -1
252 4
739 24
687 9
497 18
321 22
659 16
132 1
629 6
993 24
574 27
101 21
165 10
308 1
142 28
461 23
500 26
646 11
221 9
161 28
739 16
46 -1
102 11
757 16
743 28
804 17
309 23
596 22
996 21
125 27
409 21
392 6
960 10
305 10
671 -3
671 16
621 -2
45 15
24 15
60 11
660 15
819 22
516 7
490 6
383 -3
996 13
322 8
94 9
99 17
138 -3
499 8
268 6
615 28
928 16
635 24
615 17
130 -3
199 24
917 30
334 3
504 20
226 23
519 -3
754 29
88 20
142 27
772 27
192 8
621 17
181 5
558 7
777 5
39 11
429 2
690 28
375 20
313 -2
272 29
955 -1
908 28
128 1
641 -3
231 4
441 30
354 9
192 -2
782 27
7 28
640 18
502 2
693 16
310 30
31 3
668 17
429 17
913 -3
931 25
56 16
278 12
288 5
37 15
412 -2
871 1
834 10
177 5
204 21
922 18
873 29
65 22
645 3
142 28
94 28
516 9
871 18
932 20
10 26
796 23
331 13
983 28
674 11
463 29
342 16
415 -3
662 30
789 28
23 9
284 26
36 17
741 5
879 27
253 19
364 10
349 9
76 4
287 -3
197 14
107 24
999 20
858 4
101 27
96 5
635 18
726 4
227 2
543 8
343 1
105 19
891 26
233 23
520 13
396 27
102 3
65 11
492 15
956 13
996 -2
230 4
379 15
127 13
142 6
349 23
268 11
540 14
453 12
279 17
460 5
393 29
521 19
630 12
282 26
518 29
351 21
463 25
106 28
367 29
275 23
751 22
799 -2
863 4
375 -2
494 17
978 26
97 22
266 1
729 15
603 28
847 15
796 9
329 13
958 12
649 27
119 25
343 9
215 21
206 19
740 29
728 19
313 3
439 -3
486 4
509 4
153 7
321 6
462 15
476 11
624 3
918 -2
322 10
280 4
669 1
247 28
347 16
138 28
933 -2
550 11
423 24
268 11
624 7
837 13
103 30
795 17
113 2
949 16
195 19
911 15
315 5
847 15
80 14
756 29
10 15
238 6
310 21
66 13
166 30
583 20
108 30
552 12
813 9
294 -3
154 26
763 -3
163 22
228 17
10 18
498 25
201 26
584 16
655 23
676 1
817 25
938 26
181 14
50 24
682 4
420 23
220 27
896 30
524 10
460 -2
516 10
876 11
503 30
218 9
310 8
756 6
183 20
752 7
838 1
32 6
158 -2
377 7
129 25
996 17
906 24
75 26
89 24
166 3
791 23
576 -3
745 5
177 6
14 23
182 7
995 -2
252 18
436 27
219 9
58 2
799 24
381 4
670 6
765 9
908 5
760 3
381 10
31 7
336 6
468 26
25 13
399 3
468 -2
227 24
930 15
873 23
55 23
7 20
291 3
353 2
958 10
830 13
765 4
130 -2
587 9
517 5
688 13
606 21
251 20
831 4
142 19
667 20
20 -3
203 19
405 23
238 -1
452 5
438 28
14 13
803 5
320 13
107 8
639 21
199 25
878 25
242 -1
15 27
145 26
253 24
100 18
608 24
215 9
603 14
324 21
975 26
619 -3
231 27
201 14
427 22
756 9
995 3
356 2
246 24
911 3
501 -1
132 29
695 25
643 9
18 21
648 3
205 -3
402 9
474 22
821 11
806 16
664 27
839 -3
885 12
398 10
390 30
956 6
638 3
328 -3
292 21
607 19
541 16
900 14
282 24
372 8
711 26
650 8
228 29
123 -2
481 9
916 26
744 2
211 1
932 22
21 29
535 9
25 26
932 28
733 26
506 18
460 4
577 3
523 12
270 11
902 13
992 15
951 19
199 26
412 6
190 14
269 -2
236 27
720 27
865 11
208 12
242 1
493 15
694 10
407 -3
398 18
504 15
776 8
891 23
500 17
463 11
565 -3
419 13
287 14
308 11
9 16
830 -2
433 5
691 18
742 21
484 17
855 5
40 4
811 26
523 29
477 21
800 3
460 26
617 18
202 26
745 17
913 28
35 2
716 19
739 24
356 -2
987 29
656 28
645 26
897 1
766 -3
750 -1
911 28
639 14
431 5
947 23
321 25
908 24
592 22
554 26
164 15
112 22
103 8
227 9
974 19
981 11
209 20
893 26
531 21
806 24
276 16
466 20
468 30
482 28
496 15
787 -2
602 23
185 18
101 12
457 16
60 11
554 27
966 15
846 6
618 -2
12 3
758 25
215 -1
324 -3
637 24
338 22
9 3
476 13
640 25
159 18
686 5
128 27
979 25
638 20
432 7
14 -1
874 22
190 4
763 27
77 -3
318 5
293 23
763 23
669 29
677 27
137 30
15 28
105 -1
641 25
5 6
570 12
234 23
408 13
824 25
348 27
775 -3
347 18
113 22
256 25
504 10
179 17
278 1
720 19
544 -1
687 10
184 2
119 30
406 24
459 20
269 30
508 18
572 29
598 5
532 29
200 14
660 19
336 9
346 15
744 -3
535 2
461 4
865 12
658 22
933 5
584 4
79 -2
430 14
489 8
165 25
793 7
248 8
492 15
213 27
349 10
641 14
535 21
203 10
538 12
786 9
387 11
302 10
294 25
992 4
407 10
621 -1
243 7
244 -1
214 9
725 9
518 7
983 23
82 4
470 29
716 28
834 20
336 9
63 8
662 -3
735 26
898 23
195 14
250 7
495 27
379 26
434 10
637 -3
607 5
256 4
499 22
988 28
795 5
66 13
87 -1
811 19
171 -1
119 3
510 8
674 30
929 -1
264 3
566 11
499 1
186 16
602 11
481 29
937 13
707 3
459 19
345 8
363 2
391 25
952 13
662 30
210 22
615 6
905 2
3 1
589 13
388 5
120 16
183 10
720 11
23 18
537 -2
971 22
71 22
664 23
752 -3
314 22
900 5
531 13
765 10
550 11
250 -2
6 1
962 -1
634 25
763 19
322 9
996 21
393 8
86 16
746 20
277 2
642 29
824 21
988 16
737 30
718 26
551 -1
673 -3
745 2
617 11
238 15
132 18
569 15
691 14
420 27
954 8
588 30
463 29
765 14
597 -3
182 7
777 19
761 18
514 -3
144 29
492 21
617 16
73 6
232 23
579 26
128 17
651 26
423 27
487 15
747 13
615 9
872 2
790 8
392 14
641 5
275 4
519 15
338 6
817 26
885 1
281 30
192 1
322 5
262 2
309 14
649 22
302 15
259 -3
409 14
717 6
466 12
660 14
865 27
710 11
887 18
564 23
467 16
383 17
984 23
842 23
294 8
754 4
976 6
188 14
438 11
257 8
161 29
110 23
942 -3
850 12
997 3
837 21
447 22
899 12
898 19
808 4
447 22
27 5
783 9
245 17
69 8
304 3
380 21
685 2
738 22
278 10
554 -3
173 24
784 30
539 9
939 4
421 9
844 4
725 9
338 28
915 5
518 11
972 19
28 7
412 2
21 7
314 28
215 -1
364 24
743 1
383 9
6 13
453 14
450 12
866 12
382 28
107 22
858 2
506 22
131 3
85 23
642 24
540 2
200 23
19 13
691 10
953 28
850 18
189 10
251 9
781 24
320 -2
620 11
736 13
88 30
163 29
160 13
776 22
729 16
11 -1
853 27
491 27
314 18
528 -3
748 5
728 -2
818 6
371 -2
167 19
700 19
770 1
393 21
798 1
95 28
12 11
539 15
739 9
34 27
328 1
719 21
45 7
417 24
666 27
927 30
250 17
424 8
975 16
407 11
373 23
830 8
326 7
121 25
749 5
400 3
568 5
40 25
725 17
260 22
228 13
24 6
497 25
435 21
533 23
704 30
949 20
136 20
407 25
763 25
86 23
347 17
644 23
870 22
388 5
684 11
598 3
588 30
289 5
316 15
261 26
633 22
871 29
468 27
900 1
44 21
352 10
638 28
113 4
987 18
734 15
146 24
790 30
9 30
773 13
614 5
854 30
868 29
878 10
833 24
934 26
582 4
327 19
155 21
393 4
154 30
581 4
653 -1
705 24
810 16
555 3
145 26
815 6
428 16
195 30
772 -2
884 4
110 14
255 8
945 20
292 15
361 28
46 7
594 29
446 -1
177 7
264 4
69 10
118 24
829 30
528 14
707 27
676 20
126 24
308 24
528 -1
462 6
742 1
628 7
288 25
181 15
790 22
885 10
22 27
40 22
998 4
415 6
951 17
788 21
847 6
262 8
720 16
866 24
315 17
100 27
352 -1
766 20
991 4
789 7
315 6
719 9
410 18
950 22
103 28
148 7
344 29
796 3
364 7
104 21
163 13
343 24
314 5
305 21
724 15
910 5
72 23
264 7
657 28
467 20
937 29
159 11
383 14
815 11
392 1
684 18
729 25
746 28
986 20
780 30
809 4
686 9
161 20
839 30
493 22
605 12
1 22
961 30
148 23
547 22
336 -2
615 15
412 1
910 19
271 23
881 14
189 28
402 22
242 7
329 21
956 2
813 19
466 8
568 30
8 20
568 2
538 15
400 -1
561 5
362 11
550 8
186 15
201 10
397 3
674 -2
38 9
791 6
386 25
390 24
457 28
180 13
106 22
91 -3
970 9
204 11
708 19
655 3
252 -2
875 25
62 2
160 6
124 12
306 21
79 1
114 6
582 10
398 9
59 9
767 16
370 24
888 17
925 8
963 10
548 7
584 17
247 19
405 1
52 -3
182 8
116 13
114 6
904 7
873 7
195 8
46 17
769 21
862 28
82 25
73 23
623 12
145 10
122 16
57 16
233 1
210 14
204 29
593 2
929 14
956 14
194 13
226 13
88 15
653 -2
249 15
403 4
537 5
65 6
590 4
589 8
396 2
713 9
796 18
612 25
840 16
283 14
868 3
940 12
971 13
409 2
58 17
117 20
734 11
515 18
914 18
585 8
862 19
200 16
743 9
539 27
821 24
846 24
40 1
775 4
441 19
648 6
683 5
276 17
553 -2
384 20
201 20
851 2
90 15
160 6
546 20
681 28
39 26
783 22
21 26
132 -2
690 2
129 7
880 5
786 16
530 9
106 13
243 14
140 16
790 9
110 24
159 -3
82 1
110 16
633 -3
122 27
79 26
176 16
986 26
625 1
421 25
18 5
440 19
816 23
94 6
787 12
14 16
677 25
642 22
463 30
26 19
866 24
888 15
965 12
650 15
554 28
140 17
994 27
375 20
320 6
759 13
638 20
715 9
402 5
821 24
541 9
764 13
36 11
632 29
341 13
564 22
812 12
355 19
434 23
918 3
656 -3
808 19
764 23
252 30
397 3
952 16
673 26
8 1
989 1
112 -1
581 11
280 26
715 -3
417 21
174 22
237 24
401 14
392 14
645 4
646 30
558 6
325 28
302 28
681 29
586 1
951 3
828 -3
732 30
528 10
893 -2
441 21
934 21
323 23
230 12
229 15
375 21
288 5
830 15
984 7
460 8
364 17
707 18
822 26
899 16
462 23
800 12
317 16
760 22
22 16
822 27
895 -1
933 -2
63 -3
795 24
567 11
77 2
903 8
399 30
195 24
948 1
211 5
218 -2
662 25
235 9
316 6
629 21
409 2
835 6
9 5
829 28
924 19
220 22
627 25
385 1
635 27
337 6
929 11
767 12
64 29
160 22
330 5
927 3
52 6
653 15
310 12
621 11
114 24
952 17
452 4
836 13
501 21
440 3
281 21
156 21
564 17
766 -2
252 12
270 2
562 26
687 -2
539 3
839 25
358 14
273 20
603 20
294 15
860 15
287 12
876 20
590 30
150 -3
16 9
112 15
214 22
27 13
593 6
981 30
446 11
403 2
430 13
223 16
747 3
764 -2
603 -3
455 25
209 24
616 28
61 21
385 18
834 10
159 15
423 28
343 2
87 8
63 22
163 16
635 18
11 4
645 5
966 9
121 15
517 30
783 2
267 15
982 4
299 3
250 8
299 10
259 3
841 22
741 15
560 18
869 20
551 6
632 6
682 13
305 8
353 3
193 24
246 16
250 21
744 29
760 -1
564 24
81 19
40 2
462 16
317 3
698 11
306 11
361 6
589 -2
699 18
269 5
465 8
910 4
150 -2
113 -1
706 12
439 -2
265 -1
842 3
551 18
903 26
794 13
240 15
406 17
288 6
606 10
948 13
372 -2
295 26
560 5
884 15
409 30
687 10
144 -2
335 -3
902 6
853 7
838 30
587 3
633 5
344 21
634 12
695 7
191 3
124 22
486 26
558 1
69 30
237 5
962 22
224 -2
993 16
319 30
282 1
977 12
992 8
631 25
657 5
254 8
779 3
140 26
182 18
667 14
946 20
472 1
888 11
408 6
90 16
487 30
709 23
543 27
990 23
59 1
199 13
658 13
632 -1
85 20
685 -3
62 22
916 21
192 2
319 11
832 3
919 26
289 29
611 5
46 9
209 -2
850 26
658 12
618 3
270 30
955 14
992 28
269 24
548 17
892 29
19 25
813 14
338 13
266 19
165 8
743 10
497 14
35 14
170 26
43 14
660 13
86 17
751 14
86 5
672 7
376 14
158 16
132 26
610 14
581 13
378 30
384 17
755 5
855 3
227 17
358 10
116 3
687 30
722 17
175 26
970 23
584 19
526 21
19 17
840 -2
260 27
973 25
281 14
221 20
991 6
131 4
480 17
306 -3
251 12
883 10
443 23
130 3
113 -1
176 26
36 6
847 14
127 8
612 9
929 17
124 -2
239 13
192 20
907 4
876 12
528 25
690 2
9 13
770 24
49 23
66 28
78 26
663 18
999 8
666 17
286 5
458 21
995 9
40 16
23 17
721 17
639 4
595 30
80 28
639 23
111 22
696 6
347 11
647 20
0 24
422 19
344 10
50 24
899 12
431 5
463 -1
308 24
877 11
918 -1
440 1
34 27
834 22
846 3
814 11
823 -1
525 3
609 3
199 12
858 14
143 29
99 22
40 22
500 13
171 24
795 12
855 1
12 -2
853 -1
663 5
480 1
590 28
689 8
313 3
848 19
472 4
757 17
254 -3
978 10
660 5
483 24
957 23
113 24
912 3
247 13
751 2
710 20
331 26
627 21
439 27
309 13
741 12
664 9
996 4
911 9
497 -1
684 30
59 3
163 20
18 18
407 19
95 30
627 9
137 22
332 2
807 19
887 8
916 4
844 -3
120 8
136 20
776 26
605 9
477 4
935 11
372 29
501 19
317 27
99 14
319 30
758 29
446 22
654 29
739 5
975 4
748 26
887 8
640 14
524 14
41 2
107 27
123 5
930 19
979 4
374 17
263 9
903 12
360 22
256 8
256 1
592 18
156 4
82 10
311 26
314 26
545 14
78 20
612 -1
968 5
416 15
68 18
472 14
73 21
437 8
848 27
614 9
211 13
988 24
21 -1
61 19
365 7
246 17
863 11
135 9
520 -2
717 16
69 5
433 13
114 2
69 8
142 3
19 19
661 -2
551 26
326 23
830 15
355 24
160 7
593 19
185 25
507 9
439 29
727 26
408 30
729 26
111 8
26 2
843 20
253 2
929 1
959 2
216 -2
598 7
155 14
971 2
738 -1
141 2
694 4
974 -3
262 14
315 24
987 26
327 29
170 22
359 29
548 12
472 23
894 29
954 13
123 11
571 -1
973 -3
450 2
499 14
42 11
798 21
102 18
297 30
234 27
65 14
979 6
617 13
486 14
730 20
245 24
565 10
587 5
508 -1
315 4
719 15
61 30
375 6
262 12
613 9
110 6
164 30
287 7
675 -1
365 21
903 7
23 16
318 11
507 -2
27 15
718 15
425 22
218 27
851 19
87 22
124 3
19 21
159 -2
202 12
984 26
395 6
460 5
87 29
493 3
589 1
261 29
78 15
318 2
828 28
777 30
972 2
427 26
497 9
515 4
542 10
898 3
882 9
819 17
698 18
326 27
742 24
120 8
764 27
751 24
911 6
987 6
11 11
916 -3
932 13
54 18
785 18
755 20
550 28
753 -3
419 -2
796 13
34 1
259 12
237 -2
15 9
671 10
536 12
413 4
494 -2
38 21
411 18
543 7
930 26
799 8
872 27
393 24
609 30
998 -3
121 23
507 29
321 7
975 10
281 16
826 22
178 12
23 21
311 18
259 9
772 12
80 27
600 20
1 14
659 5
555 6
852 11
942 3
371 14
158 13
414 19
194 17
232 5
399 30
618 24
94 20
115 -1
676 30
707 7
666 9
864 28
503 25
986 27
372 13
719 15
946 20
931 22
583 26
921 -2
284 20
10 15
853 18
780 25
943 22
790 27
312 1
4 29
265 3
807 20
114 25
340 5
209 25
317 16
350 5
562 2
439 7
994 7
25 14
290 1
525 11
144 -3
383 19
813 23
877 16
874 4
53 9
171 26
289 8
431 24
841 27
593 10
89 10
371 7
866 7
942 17
486 12
775 12
674 18
757 -3
571 29
998 10
945 22
405 4
257 26
412 -2
992 15
253 24
744 15
96 -3
492 18
49 3
747 29
267 3
909 11
624 7
484 19
965 -2
107 26
937 6
224 9
603 10
637 14
523 18
517 30
72 7
237 3
190 12
149 5
608 -3
517 24
555 25
331 11
722 21
898 12
389 24
22 20
942 27
998 9
66 15
897 25
493 9
962 24
975 7
925 20
213 8
14 25
846 13
868 12
225 27
703 -3
566 14
393 12
79 4
480 24
129 5
444 21
957 27
118 21
760 29
637 7
898 2
429 17
577 3
296 8
355 20
91 12
880 9
871 17
279 6
382 10
923 18
235 12
508 7
885 14
138 23
409 17
580 24
316 8
200 2
127 30
431 12
378 25
221 27
959 3
263 27
688 8
671 9
298 10
561 6
87 11
35 2
483 27
600 15
963 16
538 14
694 18
127 28
704 28
17 -3
691 3
859 21
732 22
610 4
134 17
520 25
483 -2
833 29
651 23
45 14
823 -2
291 20
696 15
400 25
70 21
924 7
566 17
910 3
479 18
350 22
812 11
551 20
406 29
74 8
853 7
413 29
445 6
336 15
218 19
912 13
819 22
573 8
602 26
401 29
78 30
994 20
312 17
982 1
484 30
630 6
497 25
476 14
583 10
106 29
589 19
458 28
254 16
938 11
44 30
607 29
876 13
180 7
788 26
590 4
724 -2
723 8
301 13
771 28
105 5
308 10
502 -1
605 16
585 9
457 11
692 4
230 24
849 -3
847 -3
589 29
72 4
67 21
760 14
15 5
26 29
280 7
209 14
671 9
604 26
191 12
146 2
240 28
672 23
160 13
976 3
916 16
318 25
605 8
354 27
105 15
593 11
195 20
383 13
649 29
909 19
653 21
914 19
828 2
385 29
952 5
493 -1
102 20
564 17
534 13
440 3
609 13
835 26
562 3
841 26
930 18
383 2
764 25
137 3
888 -2
685 -3
696 19
292 4
253 6
986 12
144 20
623 6
885 24
662 21
813 20
142 18
181 -3
332 -2
417 -3
235 5
384 22
77 30
469 10
157 -2
356 5
746 -2
60 5
654 5
962 28
284 12
338 25
96 5
533 30
612 24
988 27
114 19
7 18
281 9
929 20
962 18
696 10
594 16
96 23
848 -1
778 10
757 10
957 10
224 9
177 19
961 20
754 20
816 15
108 25
939 12
168 11
832 8
649 24
960 21
839 19
404 28
447 6
554 -3
370 2
352 11
652 29
466 2
612 10
521 24
738 20
428 13
67 26
702 28
270 22
883 22
779 15
62 28
275 22
252 9
277 2
437 25
529 12
417 -2
410 18
275 15
7 23
875 11
39 2
304 -2
123 30
35 11
115 19
530 6
915 -3
196 9
829 15
762 20
572 16
684 19
391 30
769 10
170 2
494 17
617 1
424 1
570 28
814 -3
200 4
581 19
871 10
837 17
181 4
106 2
794 1
30 19
635 28
343 3
819 25
805 6
342 18
427 20
282 30
506 21
712 6
367 23
389 -3
64 13
60 6
396 20
812 3
179 18
432 19
126 -2
742 28
232 18
962 20
979 7
280 3
757 19
905 -1
147 3
515 10
779 11
689 1
272 30
5 24
58 21
293 26
664 15
69 28
901 21
425 27
402 7
304 14
494 1
227 24
133 1
985 6
447 20
5 15
708 13
472 -2
327 20
354 19
568 13
44 4
525 28
288 27
870 24
581 27
82 1
513 29
806 22
716 -2
68 8
316 19
979 2
588 21
110 -2
611 6
772 6
581 11
328 -3
405 2
480 11
435 17
835 6
443 8
862 29
72 19
292 4
924 22
644 19
376 4
655 20
351 18
326 3
256 8
586 8
482 6
314 7
144 8
270 6
687 23
203 -2
801 28
557 23
219 19
510 1
680 19
649 2
106 2
345 6
972 16
184 15
429 1
799 2
728 24
369 16
301 8
926 20
313 22
53 16
801 24
960 4
431 -1
707 -1
184 13
918 26
924 4
299 -2
137 24
778 10
52 11
663 11
46 3
806 22
448 28
313 5
722 12
481 13
193 -1
806 28
858 15
365 3
148 8
562 3
661 28
561 13
371 -3
616 1
975 8
661 -2
626 24
531 25
185 30
399 20
646 12
802 10
508 27
961 4
153 -2
288 10
690 12
128 25
559 9
765 26
823 22
675 28
225 5
169 11
69 15
22 19
673 23
182 16
365 23
297 29
586 24
388 24
827 10
824 -1
60 11
357 12
54 17
467 17
479 4
65 17
722 9
419 8
411 15
17 24
633 -2
608 3
173 -2
725 18
621 16
71 -2
282 27
389 16
504 6
867 28
650 9
290 21
508 24
606 21
660 25
991 26
186 26
539 7
245 15
447 21
44 15
680 13
436 4
138 24
284 16
352 21
902 29
453 11
119 -1
78 7
628 14
822 -1
214 11
262 15
452 10
532 17
339 8
864 1
595 4
521 22
556 15
791 -2
502 25
510 26
166 15
690 4
717 11
172 19
884 7
434 28
941 10
152 18
156 17
887 1
734 -2
97 10
698 14
733 14
271 23
65 27
58 21
792 8
910 23
919 12
918 14
288 -1
397 11
631 29
248 14
703 -3
942 19
204 13
432 1
357 29
10 10
533 15
560 18
471 -2
481 2
131 14
917 7
121 15
196 13
441 9
271 20
442 18
74 6
443 14
519 28
733 6
515 6
356 5
284 30
330 3
264 7
666 18
472 -3
76 23
650 29
973 30
588 9
79 21
137 13
29 -3
822 -1
714 4
628 11
754 13
333 -3
600 -3
563 5
205 27
471 9
489 24
158 25
266 26
147 8
246 30
986 1
81 24
790 6
60 12
687 11
119 30
803 3
896 10
605 23
598 22
763 11
497 29
446 22
958 -2
493 -3
571 -3
700 30
347 30
130 1
535 15
684 15
768 30
200 26
223 29
282 8
37 20
778 12
397 1
130 13
349 24
191 21
497 8
161 28
275 24
99 19
479 25
39 4
681 3
743 12
112 13
445 23
810 16
683 19
225 24
673 2
525 27
739 25
993 -1
842 2
709 26
506 13
792 -1
69 30
325 5
513 -2
819 14
991 26
796 25
24 16
346 9
213 6
181 4
167 23
362 3
253 27
545 23
446 13
716 13
380 19
133 2
679 21
931 16
854 8
625 22
828 5
307 15
663 22
900 5
669 16
606 8
258 12
894 1
203 6
476 23
83 8
476 19
756 -1
707 19
451 21
9 27
449 12
88 27
69 15
654 28
396 -2
689 5
847 18
304 2
910 21
863 6
54 14
613 25
777 -2
24 4
743 5
680 3
214 15
360 -1
184 26
612 14
155 14
951 27
268 3
808 11
486 20
478 27
524 18
822 1
400 12
337 26
536 25
124 13
967 1
844 10
939 10
130 13
284 -3
985 9
811 21
86 27
576 22
659 15
254 6
749 1
934 22
820 17
431 29
287 9
485 -2
752 15
326 1
207 3
126 2
658 14
918 22
553 22
650 10
214 7
993 -2
772 19
536 28
345 18
24 6
751 19
188 16
571 8
714 24
268 -2
904 24
633 23
628 19
107 22
289 6
614 18
651 19
363 11
913 28
862 14
826 27
554 9
188 24
766 29
467 23
855 22
562 13
894 2
807 24
8 28
219 16
575 22
704 20
41 21
542 16
386 15
919 17
19 11
323 7
69 7
495 3
138 2
808 19
624 25
13 28
801 14
878 10
311 14
524 30
482 27
212 -3
788 13
112 25
401 14
590 8
721 7
616 20
487 -2
553 16
282 7
958 23
603 21
849 -2
198 9
701 -1
869 20
859 9
533 -3
901 26
999 5
477 19
810 1
267 18
802 27
946 2
575 1
838 7
462 25
931 -1
81 26
483 21
367 23
112 14
981 30
633 27
323 24
822 8
285 24
536 15
161 4
219 6
382 23
473 29
896 27
832 1
821 20
960 16
519 10
956 3
873 30
54 6
925 1
563 15
17 16
87 -1
794 17
415 15
857 19
245 28
289 19
636 4
40 23
263 28
575 3
767 -2
766 23
623 -1
284 9
319 2
216 26
104 -3
554 -1
340 21
207 23
42 24
778 2
764 -1
78 18
528 28
213 26
204 -3
259 14
516 6
91 6
524 11
296 27
93 12
34 4
728 13
44 5
40 24
962 20
100 6
743 26
221 27
679 1
504 -3
223 28
511 9
392 17
360 1
249 15
819 -1
356 12
59 10
573 2
381 -2
38 9
127 28
265 22
468 28
28 9
231 22
436 15
10 12
393 14
666 1
821 25
630 21
993 4
604 29
258 4
650 8
328 6
272 10
566 -2
131 13
836 29
295 29
366 12
532 27
678 26
167 20
496 13
406 28
143 25
421 -3
856 14
37 24
672 29
693 22
175 12
653 17
742 22
104 27
14 24
49 1
637 27
894 5
419 25
475 1
614 30
354 10
824 2
946 7
419 9
445 26
477 14
178 1
305 4
901 10
63 18
849 7
919 14
367 26
321 5
441 28
127 23
835 30
225 9
108 22
349 -2
156 8
218 14
18 29
766 3
357 -1
491 28
8 -1
679 2
439 27
536 24
209 -2
609 1
270 29
780 17
935 13
721 13
550 2
838 10
425 1
759 15
574 6
828 2
185 4
987 14
809 -3
965 -3
804 16
513 26
465 16
550 17
347 25
581 -3
445 2
364 9
429 19
925 18
287 3
867 2
788 22
79 12
959 25
710 21
449 18
125 24
689 22
232 21
574 14
67 7
59 25
970 -2
1 -3
998 27
766 19
544 18
842 5
125 11
379 22
919 12
245 14
355 15
887 21
891 29
753 29
813 -1
20 18
732 13
116 25
534 14
961 6
349 4
114 11
583 27
629 -3
20 8
571 17
345 21
41 11
548 -3
705 19
994 15
256 10
286 2
290 15
227 15
120 15
787 13
604 5
239 3
398 24
553 -2
103 -3
404 20
426 21
536 12
988 11
441 7
130 -2
911 29
963 30
243 25
798 4
422 -1
195 3
601 11
302 16
907 7
905 21
523 -2
157 27
553 17
963 1
687 11
397 14
246 19
137 27
892 24
867 -1
859 1
877 27
300 -1
307 15
898 -2
832 11
742 3
448 6
766 28
894 -1
510 -3
970 27
361 29
309 21
387 13
595 8
752 11
68 25
341 9
558 8
942 15
639 19
914 20
389 2
376 13
165 22
612 17
872 -1
140 14
406 27
923 22
629 26
695 22
817 -1
269 24
709 9
99 29
473 21
82 15
685 22
356 20
381 25
673 22
474 19
290 4
730 1
923 25
282 28
810 29
816 14
599 7
73 15
795 28
784 19
497 17
978 25
519 11
576 8
168 -2
494 10
788 22
442 23
542 19
573 -3
543 22
5 14
992 11
107 3
563 14
579 27
430 30
9 14
977 15
845 11
461 25
64 30
154 28
511 11
11 28
692 24
523 3
331 10
968 21
485 30
432 8
658 8
630 16
760 28
335 29
29 25
348 -2
924 22
902 6
174 21
474 -1
294 2
429 27
837 17
728 19
770 1
206 11
108 13
649 23
113 11
523 7
519 23
782 4
176 29
597 20
116 -3
515 13
776 13
718 14
143 14
383 11
925 15
150 26
189 12
470 27
509 28
209 5
24 8
381 14
877 8
876 15
98 22
941 29
988 23
480 6
403 12
502 -3
75 11
577 14
588 4
846 5
442 4
988 23
597 24
29 -3
958 -1
901 13
678 12
519 11
456 22
888 1
98 4
671 29
193 19
458 22
132 19
650 20
799 2
508 -1
935 27
881 9
663 10
797 14
258 29
800 29
584 9
896 25
25 7
770 14
815 5
678 14
860 1
709 26
583 21
589 14
353 12
367 29
221 6
78 16
69 18
366 10
266 27
920 26
713 27
973 22
964 19
601 5
233 12
872 16
856 -2
513 26
403 3
90 22
120 16
744 17
742 29
623 16
494 18
352 10
670 7
740 21
714 2
228 29
683 20
628 29
497 2
951 8
562 2
702 8
904 12
709 26
38 3
278 19
378 20
117 28
705 28
944 16
990 14
366 18
90 23
496 19
742 29
476 29
960 15
205 30
629 25
392 28
479 24
733 13
883 26
770 23
161 -3
207 15
852 18
244 21
492 22
321 25
616 1
500 30
898 20
542 -1
150 22
707 3
274 24
462 8
345 10
672 24
869 16
266 -3
426 21
511 23
956 18
485 15
143 17
264 14
169 21
789 22
218 29
19 3
6 9
743 -2
257 11
352 27
462 16
611 26
439 19
9 -3
122 11
849 18
55 28
667 -1
481 13
634 26
87 9
67 30
570 3
73 28
904 25
344 -2
808 8
875 23
633 1
656 21
529 7
325 17
985 20
695 20
872 7
467 16
713 26
209 22
773 3
940 14
261 18
843 30
496 21
55 23
762 24
613 10
591 -2
537 9
991 19
51 21
150 9
229 16
505 2
968 2
314 28
843 -3
491 16
132 9
343 29
279 7
676 11
120 19
135 4
433 -3
39 12
193 25
893 13
422 21
575 7
513 10
114 20
343 22
61 8
554 16
643 22
351 2
770 1
146 10
129 21
237 30
127 16
689 24
969 29
667 -3
492 30
949 30
383 30
561 20
754 4
268 3
728 4
956 11
177 6
754 20
828 7
491 10
175 9
322 2
486 3
36 24
936 16
894 9
96 3
480 1
514 11
224 11
657 -1
242 21
471 4
343 12
95 23
517 30
464 7
535 -3
900 1
73 14
589 3
449 2
355 11
265 9
156 30
251 12
720 28
545 10
194 21
201 3
888 30
5 17
732 29
490 -2
586 29
600 4
555 14
735 25
279 13
600 10
196 23
460 23
962 -1
639 28
930 11
448 5
166 15
12 6
126 27
158 10
473 26
266 -2
217 3
691 8
199 29
606 11
165 16
358 27
256 30
680 30
872 22
369 5
763 18
44 11
30 30
778 20
171 12
106 2
609 4
193 9
200 13
851 -2
314 13
371 -2
966 16
495 -1
8 13
475 18
208 26
808 20
624 23
607 15
479 14
330 -3
380 -2
142 23
613 5
674 25
33 5
439 6
433 7
876 4
286 1
362 -3
592 29
92 3
88 11
994 20
941 12
918 27
393 2
388 -3
564 20
894 11
808 17
899 19
856 18
779 18
995 14
395 17
311 -1
709 7
787 18
959 6
272 24
500 3
519 16
677 6
610 26
440 24
276 13
919 22
555 6
123 17
718 26
554 9
149 5
617 10
724 26
707 16
442 24
409 9
409 29
633 8
854 16
259 30
17 28
488 6
327 20
396 11
442 24
814 6
166 1
676 23
674 2
929 15
473 -2
984 19
798 22
344 -2
502 30
283 11
61 27
20 18
899 1
507 7
21 21
822 15
163 2
836 6
941 11
492 20
146 -3
31 11
677 13
854 28
648 1
103 -2
296 8
640 22
464 30
9 21
31 28
550 27
318 5
127 15
215 30
587 6
61 -2
884 19
687 9
563 26
535 6
669 17
568 18
844 6
159 18
338 8
2 8
19 -2
994 14
466 12
393 6
243 8
753 20
618 29
200 16
653 9
202 14
501 27
248 29
693 6
333 6
433 30
225 19
820 4
79 2
643 21
723 6
734 -2
668 26
201 2
233 25
814 20
725 29
353 23
92 10
51 12
319 4
80 21
389 18
19 29
803 18
798 16
698 1
962 3
974 14
383 -1
11 -2
473 28
437 15
964 24
3 16
942 3
839 26
344 20
791 17
386 12
548 18
574 25
42 23
774 24
787 25
417 19
170 14
486 14
909 21
549 18
223 16
232 8
233 26
498 16
289 10
408 7
505 7
792 13
164 17
616 30
197 15
954 4
135 7
197 17
960 13
40 3
12 5
39 13
715 10
405 8
623 3
361 1
289 4
711 26
5 13
107 2
508 15
656 -1
434 11
495 16
61 12
549 22
230 14
438 28
495 8
698 17
262 15
436 16
42 25
338 1
659 22
712 18
298 24
444 16
840 28
105 3
434 22
801 18
642 4
388 -2
686 15
109 22
74 5
692 3
284 6
284 23
236 7
249 26
285 30
33 17
156 1
15 25
741 6
730 4
277 -3
51 24
225 16
264 27
391 10
23 18
944 11
697 19
206 24
873 -3
960 22
447 18
791 13
97 3
719 1
810 14
347 -3
649 -3
875 -1
27 30
960 19
287 25
263 25
20 17
630 19
319 2
74 22
549 28
410 2
385 29
570 22
915 10
684 -1
887 18
677 19
174 6
291 25
175 30
44 -1
74 9
446 -2
678 23
982 27
710 13
59 30
976 26
700 12
549 23
822 24
11 25
543 26
859 27
129 25
886 6
95 20
677 9
115 3
850 5
247 9
755 -3
856 20
925 23
973 6
980 4
114 18
311 26
152 2
533 15
908 30
567 18
898 18
504 11
447 12
233 28
878 2
240 26
26 9
383 20
658 12
653 4
37 14
987 29
466 2
661 11
308 5
822 28
31 -2
649 25
24 26
500 20
699 18
227 4
473 2
475 7
933 10
380 -3
122 11
788 23
423 26
599 8
844 22
687 19
766 -1
434 7
746 21
604 12
942 28
121 24
651 10
466 18
239 6
150 29
503 8
341 3
302 10
652 26
412 -1
843 9
947 4
986 26
384 10
91 -2
923 12
331 16
732 27
97 21
960 30
85 12
359 17
745 14
646 -2
289 11
306 3
246 17
892 3
964 2
618 17
963 13
843 21
653 3
344 25
521 27
173 7
121 30
638 19
608 2
791 -1
560 29
474 28
641 19
971 23
575 29
860 2
345 29
664 26
379 24
754 14
389 -1
633 26
962 12
85 4
707 19
676 3
502 6
587 8
194 13
360 6
260 3
432 29
325 18
303 9
841 11
151 2
270 22
79 2
976 22
662 7
639 -3
370 -2
870 20
62 21
450 30
42 22
488 20
762 30
550 20
84 13
313 5
367 18
109 16
31 17
583 20
694 27
952 6
822 6
76 9
613 10
902 18
456 26
982 10
792 8
989 5
596 30
715 8
752 21
722 1
279 7
978 25
887 27
986 14
210 3
412 25
240 10
493 10
336 18
463 22
808 30
501 13
86 20
844 1
2 -2
906 12
341 26
727 21
143 22
696 16
619 23
470 17
686 -3
787 4
347 18
651 21
246 12
708 -3
570 29
353 22
840 19
730 1
188 13
536 4
868 23
491 11
504 28
243 13
696 17
348 24
461 13
758 7
863 12
905 1
846 19
496 27
392 4
192 19
738 27
11 13
553 26
415 28
810 22
704 4
484 3
139 26
212 -2
595 21
578 24
452 5
746 16
731 24
207 9
415 1
702 26
812 2
418 26
430 14
649 3
655 5
336 24
295 25
941 4
307 2
647 22
814 13
302 11
837 24
910 19
141 14
487 18
675 6
937 30
989 -2
436 1
409 5
535 14
249 -3
300 20
913 -3
93 25
477 18
432 11
404 30
807 5
981 30
735 -1
467 7
424 17
264 23
778 24
313 4
603 28
127 -1
926 7
635 14
398 23
690 5
275 16
326 -3
780 8
819 17
460 2
789 30
895 25
386 7
197 27
593 17
296 22
869 19
926 22
970 2
523 22
763 20
980 17
912 19
113 18
427 23
660 21
813 25
971 -2
992 26
633 15
632 16
930 8
166 10
668 -2
482 26
778 -1
979 25
210 30
851 3
96 24
958 12
265 18
836 25
547 24
111 23
51 12
537 4
754 13
17 11
697 -2
512 22
449 14
396 14
19 13
103 17
956 2
717 26
44 23
733 8
890 7
431 14
874 24
967 25
513 24
963 25
974 6
603 19
401 12
856 -3
575 11
707 26
234 6
765 20
941 16
809 7
183 24
232 9
491 22
524 30
404 28
207 18
938 3
677 8
742 19
840 12
670 15
334 18
499 -3
856 22
537 21
820 12
229 21
360 22
694 2
276 7
89 17
395 17
431 6
289 26
620 27
911 3
112 25
360 23
888 15
768 14
103 5
279 22
406 10
772 7
424 23
424 -3
369 7
618 24
461 -2
891 10
45 20
192 11
462 30
328 5
616 14
427 -3
505 19
394 19
981 1
527 26
33 25
232 28
756 -2
174 13
519 6
997 21
310 20
351 28
809 10
605 5
396 10
880 -3
242 7
367 13
425 9
817 30
639 7
492 -3
368 3
960 11
104 3
808 12
696 24
325 15
287 3
396 7
499 -3
98 11
482 13
480 30
810 22
728 2
967 23
298 22
685 6
178 5
545 28
349 25
61 6
139 6
703 16
65 6
473 30
385 22
738 1
21 11
405 8
249 16
33 16
953 2
997 17
517 23
303 15
511 9
157 23
124 -2
884 21
498 12
27 23
604 18
135 3
568 25
346 14
231 17
584 6
918 21
119 24
751 13
502 30
726 15
336 18
406 29
783 10
657 3
293 20
744 18
614 9
277 28
728 15
880 25
242 27
665 -3
355 30
71 22
327 22
927 5
214 8
773 5
958 14
111 14
872 9
479 14
923 12
868 -2
499 29
787 22
722 30
185 10
65 18
354 26
36 15
773 26
57 24
498 26
347 24
743 23
603 7
219 18
385 7
283 18
579 26
133 30
965 3
334 5
714 18
740 23
430 29
555 19
730 22
202 24
984 5
965 16
897 13
239 24
923 20
530 4
468 14
969 18
551 14
665 30
804 -1
353 9
844 11
981 18
824 19
120 15
606 22
257 27
817 14
194 4
263 19
688 2
691 17
815 15
865 24
548 25
303 11
789 27
138 -1
683 25
217 14
68 1
694 18
341 5
111 7
651 17
608 26
888 14
380 26
210 23
527 21
933 22
666 2
353 21
836 18
313 3
137 13
106 1
364 18
331 -3
900 17
799 21
811 30
355 29
57 -3
114 27
759 14
460 20
707 15
725 18
437 8
304 5
20 22
981 13
373 18
235 2
826 3
959 20
112 5
509 26
764 -2
276 10
539 3
18 5
652 5
273 5
155 10
237 30
61 24
783 11
350 22
634 21
564 -2
154 29
907 16
902 18
296 4
651 24
317 6
529 18
285 3
608 17
315 20
508 18
362 26
237 7
954 12
774 2
879 13
349 22
879 6
129 -3
530 13
995 16
445 7
48 -1
134 29
238 -2
461 28
798 30
939 19
357 3
636 24
591 15
766 -3
555 27
419 23
127 25
639 5
149 23
245 19
967 9
804 8
603 25
927 17
919 12
889 25
355 3
695 5
634 25
506 13
253 12
814 -3
648 16
663 17
564 30
912 -1
118 25
777 8
339 12
334 8
860 17
813 22
842 -3
622 23
805 15
612 1
114 8
552 24
171 10
954 10
209 -2
934 19
104 8
222 26
750 15
141 -3
378 26
154 15
339 7
394 4
831 -3
718 22
263 2
237 -2
188 30
568 -3
31 14
49 17
126 -3
112 24
649 3
182 11
957 27
7 15
431 -1
263 -1
487 27
49 8
369 4
176 21
512 -1
552 13
754 17
703 22
383 11
213 30
729 27
792 15
477 10
661 5
290 5
792 15
454 21
159 20
372 24
313 7
513 19
617 30
518 23
229 9
57 4
789 12
558 25
351 15
888 20
740 10
951 12
614 29
48 17
352 22
972 16
465 19
749 -2
966 -2
293 8
394 -3
431 17
808 5
748 20
317 -1
147 30
142 17
911 11
631 26
231 23
193 -1
924 11
831 9
989 17
760 1
280 -1
813 3
323 8
696 -3
459 14
659 24
57 -3
145 3
689 27
296 21
915 -3
44 23
898 4
424 28
930 28
317 16
651 17
857 22
640 7
909 30
673 5
547 18
538 17
25 8
956 23
153 21
977 5
893 2
229 3
489 24
868 12
288 13
926 27
632 5
966 -2
425 7
471 19
751 15
885 27
718 22
77 8
13 15
282 -1
962 18
349 4
168 19
575 21
646 23
743 19
38 17
373 5
191 12
182 -1
807 10
46 4
409 3
29 20
890 16
812 18
364 19
55 22
492 12
824 30
866 2
37 20
339 5
513 15
238 17
796 24
415 -1
428 7
454 8
987 23
907 8
892 27
30 6
577 30
662 1
889 17
907 14
904 12
264 6
412 7
204 16
436 2
530 11
155 16
49 4
885 28
553 2
41 -3
816 17
909 -3
12 3
665 -3
78 -3
954 11
341 10
920 15
750 24
992 19
253 26
460 24
115 17
187 13
884 -3
495 29
706 30
153 3
850 24
786 26
236 28
289 12
259 19
717 -3
649 14
293 9
835 27
701 28
373 5
111 6
30 6
114 29
547 13
91 23
200 22
912 13
318 19
893 17
5 30
569 26
801 23
531 28
209 1
649 -1
131 17
568 2
843 14
956 -3
931 1
117 9
832 7
996 17
273 17
90 5
636 26
875 8
580 22
821 19
496 6
583 25
388 5
66 16
657 25
62 28
539 6
955 3
283 14
88 6
922 8
348 -1
724 24
690 3
344 2
886 12
814 1
903 3
415 19
791 7
176 28
869 23
322 21
675 9
183 27
524 13
72 15
991 22
274 14
61 21
624 2
635 20
563 10
698 12
221 29
457 30
191 12
736 14
412 22
727 18
579 7
402 15
347 18
769 6
420 29
246 13
896 5
338 -3
781 5
293 19
989 17
21 22
723 1
74 15
20 4
578 5
235 25
849 30
406 1
450 29
339 11
445 21
859 20
285 17
582 20
694 2
481 30
925 19
970 15
448 23
88 15
652 15
889 5
877 3
811 23
266 7
92 6
150 5
291 2
301 14
638 9
109 27
103 12
51 5
808 24
337 18
588 12
825 29
528 27
902 5
474 30
8 12
308 6
820 12
84 10
27 2
441 20
50 8
929 17
374 18
595 30
305 6
436 5
466 3
662 23
622 30
663 18
700 27
855 1
748 25
554 21
309 4
998 7
519 17
928 2
617 7
439 10
679 13
779 13
913 28
914 18
963 24
681 4
63 15
167 1
677 10
94 8
626 27
54 21
922 4
230 29
267 22
244 19
653 1
688 -3
485 24
969 18
781 10
748 9
878 26
654 -1
34 18
781 21
254 22
399 5
14 22
13 -3
368 9
749 22
735 20
60 17
847 13
665 11
617 25
99 3
422 7
854 -3
520 7
747 19
473 15
850 28
487 -3
438 -1
248 2
260 -3
472 28
13 14
30 2
423 7
501 5
993 13
130 28
825 18
811 30
429 20
705 22
140 19
174 10
945 23
42 29
306 10
960 4
558 7
768 12
545 3
641 11
865 26
714 1
398 10
163 30
510 5
422 22
746 -1
313 10
694 22
40 19
724 30
746 3
466 1
411 4
811 24
546 8
649 13
308 6
91 22
928 3
362 1
245 4
288 12
115 -3
220 15
416 7
874 -2
942 27
211 27
334 -3
151 5
18 16
240 4
31 -1
977 -3
157 4
700 12
638 17
77 26
338 -2
574 16
947 8
386 3
898 21
218 22
164 15
295 -2
191 6
844 9
111 20
811 19
242 2
733 18
426 13
645 22
107 29
1 12
27 15
191 -2
316 26
171 19
734 1
627 26
739 9
865 12
164 1
241 10
254 24
795 7
207 4
742 6
320 13
17 16
289 -3
554 9
726 16
635 28
327 -1
159 30
66 8
863 12
447 -2
469 26
808 -3
531 16
783 6
80 20
643 16
76 1
971 30
546 -1
840 8
261 10
91 4
191 -2
42 21
152 24
885 12
709 13
98 19
638 2
22 24
626 12
314 20
283 13
458 30
871 13
514 28
808 24
971 13
805 28
706 5
901 3
225 12
165 25
319 19
780 24
606 -3
614 16
381 4
436 1
134 15
715 16
50 -1
161 19
471 3
869 7
856 7
186 5
42 28
360 29
119 15
100 17
668 6
813 7
147 -2
150 2
547 3
950 27
504 26
65 16
657 12
692 24
639 21
21 3
645 10
85 12
490 14
977 3
122 30
881 15
441 3
244 1
254 20
665 15
596 6
990 21
310 21
501 20
265 4
33 29
894 20
207 28
198 9
148 14
573 11
448 13
381 28
413 13
647 16
94 7
937 -3
193 1
411 5
629 -2
391 -2
338 8
896 22
141 9
828 7
337 25
450 18
995 15
597 7
671 14
441 5
605 28
163 29
395 15
409 7
210 8
195 26
693 22
504 8
218 2
754 18
615 13
827 3
967 5
217 9
555 24
607 26
68 22
691 22
627 26
66 13
122 8
455 30
696 10
414 15
446 19
203 11
458 24
565 22
45 3
870 -1
810 -2
629 8
548 16
434 20
714 21
825 5
569 24
731 19
502 -2
229 23
480 27
898 17
635 26
163 5
905 8
50 9
413 22
90 16
349 21
601 16
466 29
115 -3
191 3
527 9
170 9
921 5
109 28
79 18
36 4
354 2
187 22
27 24
574 25
200 27
877 21
786 2
405 29
433 27
831 17
287 2
949 28
182 -2
804 6
974 13
323 19
832 3
384 11
81 29
457 14
491 12
951 20
579 28
374 8
785 17
325 28
44 2
481 25
880 10
982 21
619 -1
766 15
455 18
61 -2
8 26
804 24
206 19
211 16
634 3
708 28
998 10
725 -3
686 30
847 12
731 -2
204 21
575 5
652 2
171 9
621 -3
351 8
187 18
21 8
326 27
238 12
496 8
860 16
228 28
680 18
590 25
431 12
652 26
965 27
313 29
950 5
92 3
254 13
761 16
41 30
575 15
194 23
754 14
519 16
184 9
382 6
553 2
59 9
515 23
604 20
330 1
655 13
39 11
490 4
549 18
936 3
891 13
891 1
678 17
626 10
687 28
583 9
845 19
582 29
928 22
577 -1
880 5
72 11
912 17
190 27
501 22
792 22
762 9
588 30
714 4
463 15
23 2
579 17
419 -3
973 13
484 1
831 23
871 -3
0 17
362 25
579 -1
859 10
310 1
733 13
982 24
382 7
89 14
639 25
373 21
457 3
344 -2
895 16
380 7
587 20
193 6
580 20
315 7
185 15
165 15
473 19
623 10
460 18
993 23
529 2
180 -1
78 16
214 -2
162 12
32 25
968 9
898 18
351 23
258 13
637 29
437 9
523 -1
489 24
821 9
95 9
917 1
698 5
688 20
938 15
355 3
245 19
629 9
556 30
713 1
809 -1
968 28
690 12
709 1
343 27
744 15
919 14
710 10
964 -2
218 12
258 -2
590 -2
969 6
981 11
14 25
212 25
314 12
93 28
638 -1
551 25
566 -3
833 9
367 8
502 14
222 15
817 15
421 4
376 7
410 2
746 3
843 7
356 17
266 -2
712 25
694 -2
961 -2
262 30
272 24
514 21
469 26
128 29
539 4
99 14
428 15
27 -2
402 6
872 30
578 17
205 15
279 16
623 26
47 -2
493 3
33 25
849 8
486 -1
49 19
13 21
650 30
855 5
539 5
345 15
55 29
434 2
749 19
732 3
793 19
516 10
479 21
933 4
935 -3
35 18
186 26
125 30
725 15
526 2
326 28
68 14
403 5
649 16
153 24
285 14
936 17
459 8
572 5
977 4
661 11
671 2
26 11
447 9
320 7
871 -3
413 12
709 13
542 17
448 19
700 28
790 9
381 27
67 16
38 10
658 13
580 24
742 25
663 10
962 16
812 24
428 9
638 23
346 -2
39 28
861 2
969 3
560 23
8 14
502 5
855 13
62 16
738 16
246 17
706 6
300 18
527 15
102 18
284 2
443 9
470 11
899 25
924 10
828 5
470 6
433 8
641 23
333 3
382 11
766 9
37 27
987 14
64 19
381 23
665 26
562 9
315 3
255 16
920 17
900 23
298 19
901 4
80 9
237 -1
649 8
763 2
349 26
961 -2
568 3
754 20
77 13
69 27
680 13
854 13
277 23
231 19
783 14
578 2
669 5
215 9
808 1
209 14
484 19
684 19
589 12
156 10
34 13
758 9
158 12
899 21
958 -3
908 5
512 2
652 20
521 30
563 14
748 25
733 28
495 13
428 28
971 4
910 18
910 18
422 8
163 30
302 4
917 4
866 5
974 30
977 8
110 15
426 24
530 28
243 5
9 5
223 16
849 -2
514 1
553 14
780 30
166 26
23 5
28 6
717 24
588 12
220 25
52 7
857 20
413 10
104 30
106 1
280 29
912 6
97 23
393 9
314 18
339 13
47 21
612 4
744 19
282 9
302 30
834 13
195 3
680 -3
71 28
579 11
722 19
498 27
43 25
102 17
830 20
524 28
463 18
313 5
915 14
820 25
330 2
370 25
252 25
763 16
88 16
165 -3
378 -1
198 13
656 -3
11 20
295 24
32 1
635 17
321 5
305 15
27 25
295 -1
791 26
122 22
58 -1
432 -1
214 -3
302 12
39 20
107 10
692 3
591 20
965 27
137 9
801 19
525 17
145 8
401 21
273 20
20 9
641 -1
484 14
73 26
421 14
223 15
821 28
145 -1
301 10
363 15
251 2
730 11
770 2
944 7
94 2
150 27
494 9
928 12
687 14
122 3
303 9
309 28
752 13
495 3
938 9
714 26
50 2
231 13
686 -1
80 18
189 25
716 12
858 5
442 23
738 3
746 6
119 28
727 1
430 15
995 7
211 3
840 19
718 5
757 25
360 25
769 1
635 29
814 16
351 25
311 14
3 -3
843 7
407 9
899 24
862 3
843 8
763 7
944 23
35 28
561 25
416 29
621 23
236 17
877 6
822 9
523 13
570 14
321 9
799 18
178 22
593 10
636 -2
749 2
617 17
800 27
569 14
983 6
170 16
184 22
499 23
4 9
366 21
603 27
194 18
86 -1
2 -3
237 18
55 2
353 10
375 14
358 22
998 5
740 11
511 26
85 19
14 28
272 7
532 -2
657 10
146 12
754 30
298 12
136 14
726 -1
16 3
283 28
171 1
103 14
702 12
643 5
496 19
866 14
912 22
43 23
51 -2
740 -2
512 24
518 23
621 8
313 27
760 1
557 30
551 11
679 18
861 -3
602 24
170 18
841 27
244 22
77 28
223 20
273 15
846 1
543 20
502 7
765 26
354 24
950 10
309 8
713 5
823 9
349 -3
151 -2
964 -3
152 22
936 16
664 9
479 23
227 18
483 7
575 25
378 30
83 29
295 19
741 20
232 28
450 7
938 23
893 14
908 21
408 24
477 17
433 -1
288 -2
982 16
20 22
907 -2
534 18
947 15
661 28
609 25
576 22
989 21
371 19
838 1
485 20
727 -3
768 5
665 18
461 7
998 3
168 11
673 23
83 2
67 7
820 26
994 17
157 2
30 18
459 -3
811 13
647 17
127 30
289 14
94 -3
397 4
651 19
855 9
339 19
491 21
51 -2
851 6
629 30
517 14
705 6
523 -1
155 24
959 9
545 7
627 -1
653 7
425 1
558 22
404 19
601 19
40 20
940 10
369 10
126 2
297 16
222 19
404 15
444 10
974 18
100 -3
131 12
370 21
757 7
42 13
43 11
310 26
117 16
120 18
691 12
141 12
392 1
474 3
537 24
299 26
0 7
807 5
555 9
208 8
721 9
137 30
864 15
234 30
510 4
290 17
913 6
918 -1
990 16
121 1
332 2
896 6
802 30
606 9
967 24
434 22
343 -2
350 21
862 6
552 3
624 4
603 23
799 -1
595 -1
458 24
452 4
551 1
113 2
597 29
105 24
591 13
447 19
569 14
219 30
743 13
321 21
173 29
668 16
233 23
736 29
806 1
250 -1
45 20
648 26
998 3
5 7
493 2
285 22
486 20
550 16
939 -2
49 4
192 7
905 23
46 12
568 14
33 25
118 27
632 16
434 30
398 -3
268 26
861 17
212 25
487 17
499 11
919 11
844 28
544 19
162 25
408 23
383 -1
492 27
33 22
774 18
298 17
102 2
973 21
448 25
13 9
640 12
392 23
562 14
273 11
446 24
205 25
804 28
468 10
646 1
46 28
3 1
185 13
423 29
481 5
967 -3
844 4
637 17
645 14
656 17
333 28
983 24
441 21
747 19
743 -2
849 13
81 17
181 5
954 4
341 19
200 13
348 14
243 8
277 2
445 10
406 2
286 27
56 5
63 14
630 13
608 -1
25 30
40 1
741 2
256 29
894 27
909 13
886 21
55 18
376 27
863 28
297 24
100 26
455 25
880 19
161 -1
378 22
