0 1429
1 1474
2 1257
3 1593
4 1328
5 1286
6 1525
7 1322
8 1139
9 1485
10 1356
11 1459
12 1583
13 1414
14 1336
15 1301
16 1530
17 1155
18 1334
19 1482
20 1414
21 1488
22 1625
23 1229
24 1324
25 1319
26 1325
27 1469
28 1084
29 1336
30 1525
31 1405
32 1664
33 1317
34 1340
35 1375
36 1380
37 1438
38 1462
39 1672
40 1109
41 1476
42 1623
43 1525
44 1721
45 1532
46 1479
47 1343
48 1343
49 1421
50 1761
51 1374
52 1507
53 1253
54 1397
55 1451
56 1207
57 1606
58 1418
59 1395
60 1261
61 1490
62 1453
63 1391
64 1535
65 1501
66 1315
67 1251
68 1268
69 1108
70 1418
71 1378
72 1577
73 1401
74 1429
75 1343
76 1368
77 1393
78 1235
79 1524
80 1368
81 1324
82 1444
83 1438
84 1390
85 1437
86 1222
87 1473
88 1197
89 1495
90 1438
91 1608
92 1668
93 1598
94 1237
95 1470
96 1150
97 1279
98 1260
99 1392
100 1208
101 1294
102 1378
103 1398
104 1410
105 1604
106 1286
107 1093
108 1101
109 1221
110 1315
111 1167
112 1432
113 1254
114 1303
115 1497
116 1112
117 1501
118 1382
119 1350
120 1258
121 1282
122 1226
123 1388
124 1483
125 1452
126 1343
127 1390
128 1122
129 1601
130 1532
131 1521
132 1375
133 1383
134 1681
135 1173
136 1562
137 1204
138 1317
139 1175
140 1360
141 1528
142 1183
143 2091
144 1462
145 1287
146 1846
147 1515
148 1473
149 1480
150 1702
151 1544
152 1312
153 1474
154 1373
155 1310
156 1587
157 1221
158 1236
159 1037
160 1469
161 1445
162 1394
163 1353
164 1428
165 1263
166 1431
167 1327
168 1243
169 1463
170 1303
171 1468
172 1448
173 1422
174 1428
175 1238
176 1454
177 1358
178 1269
179 1309
180 1456
181 1411
182 1430
183 1651
184 1360
185 1506
186 1332
187 958
188 1196
189 1148
190 1378
191 1485
192 1337
193 1196
194 1276
195 1333
196 1230
197 1520
198 1499
199 1580
200 1556
201 1228
202 1440
203 1281
204 1440
205 1356
206 1302
207 1244
208 1535
209 1409
210 1307
211 1419
212 1428
213 1418
214 1252
215 1393
216 1268
217 1536
218 1404
219 1244
220 1453
221 1247
222 1327
223 1159
224 1316
225 1371
226 1616
227 1472
228 1505
229 1548
230 1699
231 1636
232 1297
233 1327
234 1617
235 1469
236 1693
237 1395
238 1577
239 1402
240 1273
241 1396
242 1070
243 1183
244 1529
245 1217
246 1411
247 1344
248 1525
249 1167
250 1418
251 1220
252 1247
253 1309
254 1199
255 1417
256 1149
257 1361
258 1462
259 1531
260 1360
261 1414
262 1239
263 1253
264 1228
265 1544
266 1583
267 1174
268 1363
269 1160
270 1491
271 1493
272 1470
273 1258
274 1364
275 1208
276 1101
277 1226
278 1367
279 1195
280 1321
281 1628
282 1487
283 1207
284 1199
285 1278
286 1474
287 1299
288 1246
289 1510
290 1694
291 1283
292 1299
293 1445
294 1367
295 1534
296 1753
297 1115
298 1575
299 1355
300 1309
301 1355
302 1386
303 1265
304 1259
305 1561
306 1595
307 1454
308 1192
309 1603
310 1394
311 1367
312 1267
313 1297
314 1403
315 1390
316 1648
317 1273
318 1216
319 1134
320 1228
321 1408
322 1532
323 1190
324 1344
325 995
326 1389
327 1654
328 1407
329 1483
330 1221
331 1282
332 1699
333 1385
334 1668
335 1280
336 1292
337 1480
338 2047
339 1300
340 1554
341 1402
342 1216
343 1417
344 1942
345 1312
346 1364
347 1121
348 1242
349 1255
350 1394
351 1464
352 1258
353 1530
354 1580
355 1399
356 1543
357 1356
358 1229
359 1489
360 1218
361 1439
362 1490
363 1146
364 1527
365 1605
366 1293
367 1200
368 1604
369 1549
370 1488
371 1217
372 1398
373 1133
374 1409
375 1733
376 1493
377 1593
378 1485
379 1378
380 1359
381 1464
382 1317
383 1356
384 1515
385 1280
386 1334
387 1439
388 1101
389 1340
390 1188
391 1268
392 1148
393 1758
394 1559
395 1039
396 1227
397 1274
398 1308
399 1615
400 1261
401 1441
402 1308
403 1707
404 1203
405 1361
406 1293
407 1321
408 1517
409 1210
410 1104
411 1349
412 1233
413 1224
414 1410
415 1245
416 1262
417 1501
418 1456
419 1414
420 1233
421 1378
422 1245
423 1055
424 1171
425 1291
426 1330
427 1742
428 1459
429 1216
430 1463
431 1295
432 1445
433 1466
434 1548
435 1202
436 1853
437 1329
438 1413
439 1514
440 1301
441 1171
442 1412
443 1176
444 1373
445 933
446 1558
447 1156
448 1416
449 1327
450 1371
451 1553
452 1147
453 1220
454 1762
455 1558
456 1156
457 1390
458 1232
459 1465
460 1479
461 1741
462 1481
463 1547
464 1326
465 1037
466 1455
467 1242
468 1241
469 1551
470 1385
471 1447
472 1404
473 1191
474 1391
475 1357
476 1464
477 1416
478 975
479 1311
480 1461
481 1400
482 1275
483 1115
484 1530
485 1245
486 1452
487 1249
488 1277
489 1414
490 1244
491 1288
492 1301
493 1648
494 1535
495 1338
496 1359
497 1320
498 1275
499 1598
500 1307
501 1496
502 1379
503 1312
504 1702
505 1302
506 1210
507 1683
508 1499
509 1159
510 1139
511 1306
512 1311
513 1280
514 1510
515 1288
516 1279
517 1238
518 1662
519 1360
520 1257
521 1387
522 1179
523 1217
524 1598
525 1499
526 1245
527 1312
528 1247
529 1382
530 1332
531 1860
532 1209
533 1321
534 1226
535 1573
536 1338
537 1651
538 1343
539 1468
540 1414
541 1241
542 1297
543 1242
544 1449
545 1317
546 1479
547 1480
548 1359
549 1302
550 1315
551 1567
552 1224
553 1357
554 1362
555 1446
556 1410
557 1346
558 1697
559 1437
560 1481
561 1406
562 1882
563 1511
564 1422
565 1339
566 1324
567 1391
568 1216
569 1191
570 1094
571 1279
572 1461
573 1586
574 1195
575 1282
576 1393
577 1444
578 1420
579 1422
580 1055
581 1463
582 1531
583 1311
584 1522
585 1225
586 1269
587 1554
588 1543
589 1068
590 1380
591 1489
592 1435
593 1575
594 1150
595 1330
596 1491
597 1594
598 1420
599 1206
600 1463
601 1444
602 1494
603 1227
604 1380
605 1276
606 1228
607 1634
608 1017
609 1274
610 1394
611 1310
612 1361
613 1347
614 1816
615 1300
616 1263
617 1294
618 1441
619 1331
620 1298
621 1262
622 1189
623 1563
624 1493
625 1388
626 1712
627 1621
628 1396
629 1232
630 1478
631 951
632 1515
633 1339
634 1305
635 1524
636 1156
637 1385
638 1125
639 1168
640 1391
641 1249
642 1169
643 1276
644 1095
645 1119
646 1108
647 1069
648 1341
649 1341
650 1619
651 1318
652 1433
653 1250
654 1111
655 1465
656 1291
657 1623
658 1487
659 1155
660 1350
661 1235
662 1373
663 1230
664 1206
665 1355
666 1183
667 1444
668 1556
669 1154
670 1421
671 1117
672 1891
673 1225
674 1294
675 1691
676 1696
677 1524
678 1226
679 1490
680 1511
681 1386
682 1580
683 1211
684 1402
685 1476
686 1368
687 1445
688 1527
689 1146
690 1162
691 1372
692 1175
693 1575
694 1136
695 1614
696 1555
697 1784
698 1835
699 1438
700 1277
701 1134
702 1540
703 1507
704 1374
705 1314
706 1098
707 1217
708 1385
709 1118
710 1540
711 1567
712 1555
713 1466
714 1042
715 1249
716 1519
717 1831
718 1384
719 1580
720 1485
721 1483
722 1422
723 1269
724 1701
725 1340
726 1121
727 1451
728 1364
729 1124
730 1202
731 1555
732 1401
733 1485
734 1389
735 1448
736 1244
737 1432
738 978
739 1354
740 1154
741 1551
742 1112
743 1257
744 1460
745 1339
746 1445
747 1564
748 1339
749 1308
750 1181
751 1460
752 1017
753 1392
754 1261
755 1326
756 1552
757 1505
758 988
759 1597
760 1389
761 1489
762 1396
763 1515
764 1137
765 1561
766 1186
767 1304
768 1472
769 999
770 1729
771 1411
772 1484
773 1761
774 1523
775 1679
776 1571
777 1229
778 1353
779 1238
780 1549
781 1333
782 1252
783 1293
784 1587
785 1125
786 1271
787 1176
788 1487
789 1381
790 1304
791 1508
792 1374
793 1430
794 1533
795 1353
796 1483
797 1217
798 1555
799 1417
800 1431
801 1370
802 1280
803 1330
804 1467
805 1309
806 1430
807 1311
808 1257
809 1626
810 1430
811 1258
812 1372
813 1326
814 1316
815 1295
816 1280
817 1513
818 1294
819 1562
820 1346
821 1565
822 1325
823 1112
824 1098
825 1390
826 992
827 1528
828 1407
829 1620
830 1265
831 1437
832 1583
833 1348
834 1318
835 1362
836 1369
837 1480
838 1396
839 1357
840 1230
841 1279
842 1471
843 1368
844 1190
845 1341
846 1698
847 1472
848 1355
849 1488
850 1244
851 1517
852 1423
853 1438
854 1593
855 1462
856 1313
857 1292
858 1395
859 1498
860 1252
861 1130
862 1720
863 1285
864 1262
865 1062
866 1119
867 1333
868 1340
869 1156
870 1332
871 1159
872 1730
873 1465
874 1803
875 1500
876 1403
877 1082
878 1206
879 1453
880 1268
881 1411
882 1399
883 1340
884 1537
885 1685
886 1423
887 1200
888 1504
889 1367
890 1405
891 1379
892 1439
893 1471
894 1404
895 1717
896 1580
897 1365
898 1402
899 1481
900 1371
901 1166
902 1552
903 1513
904 1489
905 1592
906 1230
907 1673
908 1430
909 1589
910 1148
911 1550
912 1428
913 1190
914 1539
915 1607
916 1221
917 1742
918 1313
919 1512
920 1375
921 1304
922 1347
923 1339
924 1428
925 1455
926 1215
927 2079
928 1521
929 1341
930 1204
931 1519
932 1245
933 1179
934 1445
935 1451
936 1417
937 1182
938 1357
939 1407
940 1496
941 1414
942 1280
943 1707
944 1375
945 1665
946 1421
947 1335
948 1199
949 1481
950 1466
951 1226
952 1524
953 1623
954 1801
955 1363
956 1618
957 1380
958 1434
959 1302
960 1390
961 1407
962 1279
963 1182
964 1256
965 1452
966 1215
967 1182
968 1232
969 1427
970 1240
971 1403
972 1295
973 1515
974 1323
975 1465
976 1342
977 1278
978 1767
979 1314
980 1457
981 1561
982 1021
983 1477
984 1396
985 1263
986 1479
987 1072
988 1240
989 1268
990 1432
991 1982
992 1282
993 1187
994 1733
995 1376
996 1407
997 1297
998 1314
999 1258
1000 963
1001 1156
1002 1305
1003 1312
1004 1410
1005 1176
1006 1101
1007 1416
1008 1407
1009 1130
1010 1298
1011 1714
1012 1560
1013 1441
1014 1200
1015 1152
1016 1476
1017 1470
1018 1549
1019 1075
1020 1109
1021 1586
1022 1276
1023 1206
1024 1434
1025 1745
1026 1298
1027 1487
1028 1110
1029 1370
1030 1677
1031 1206
1032 1424
1033 1569
1034 1517
1035 1366
1036 1105
1037 1403
1038 1524
1039 1392
1040 1295
1041 1391
1042 1679
1043 1605
1044 1238
1045 1500
1046 1563
1047 1595
1048 1317
1049 1356
1050 1277
1051 1208
1052 1680
1053 1599
1054 1490
1055 1482
1056 1580
1057 1260
1058 1489
1059 1411
1060 1353
1061 1136
1062 1294
1063 1089
1064 1344
1065 1368
1066 1325
1067 1337
1068 1100
1069 1150
1070 1690
1071 1300
1072 1595
1073 1346
1074 1231
1075 1210
1076 1462
1077 1259
1078 1345
1079 1478
1080 1410
1081 1864
1082 1450
1083 1685
1084 1668
1085 1090
1086 1614
1087 1357
1088 1383
1089 1249
1090 1324
1091 1097
1092 1524
1093 1401
1094 1369
1095 1261
1096 1287
1097 1601
1098 1619
1099 1508
1100 1657
1101 1226
1102 1440
1103 1342
1104 1482
1105 1303
1106 1518
1107 1159
1108 1169
1109 1249
1110 1356
1111 1406
1112 1396
1113 1293
1114 1642
1115 1516
1116 1648
1117 1259
1118 1393
1119 1216
1120 1525
1121 1535
1122 1465
1123 1269
1124 1094
1125 1284
1126 1281
1127 1574
1128 1558
1129 1495
1130 1257
1131 1410
1132 1143
1133 1564
1134 1188
1135 1235
1136 1247
1137 1415
1138 1526
1139 1264
1140 1522
1141 1525
1142 1302
1143 1353
1144 1437
1145 1243
1146 1496
1147 1409
1148 1554
1149 1383
1150 1260
1151 1500
1152 1579
1153 1708
1154 1453
1155 1376
1156 1213
1157 1396
1158 1185
1159 1737
1160 1387
1161 1187
1162 1554
1163 1398
1164 1820
1165 1529
1166 1546
1167 1261
1168 1680
1169 1179
1170 1392
1171 1464
1172 940
1173 1459
1174 2033
1175 1466
1176 1419
1177 1247
1178 1528
1179 1245
1180 1214
1181 1308
1182 1266
1183 1586
1184 1297
1185 1810
1186 1306
1187 1657
1188 1207
1189 1313
1190 1420
1191 1195
1192 1576
1193 1368
1194 1390
1195 1413
1196 1476
1197 1664
1198 1382
1199 1388
1200 1421
1201 1179
1202 1342
1203 1506
1204 1283
1205 1399
1206 1218
1207 1412
1208 1517
1209 1407
1210 1428
1211 1510
1212 1463
1213 1256
1214 1331
1215 1187
1216 1639
1217 1373
1218 1305
1219 1542
1220 1428
1221 1205
1222 1275
1223 1253
1224 1567
1225 1355
1226 1441
1227 1532
1228 1344
1229 1556
1230 1534
1231 1212
1232 1441
1233 1382
1234 1529
1235 1552
1236 1491
1237 1424
1238 1196
1239 1436
1240 1132
1241 1364
1242 1183
1243 1549
1244 1259
1245 1431
1246 1248
1247 1384
1248 1308
1249 1417
1250 1465
1251 914
1252 1587
1253 1332
1254 1385
1255 1279
1256 1568
1257 1709
1258 1523
1259 1490
1260 1074
1261 1232
1262 1306
1263 1375
1264 1396
1265 1324
1266 1556
1267 1221
1268 1163
1269 1756
1270 1337
1271 1262
1272 1254
1273 1435
1274 1474
1275 1529
1276 1270
1277 1313
1278 1198
1279 1343
1280 947
1281 1128
1282 1189
1283 1361
1284 1163
1285 1211
1286 1431
1287 1542
1288 1313
1289 1276
1290 1640
1291 1264
1292 1317
1293 1300
1294 1605
1295 1260
1296 1448
1297 1157
1298 1629
1299 1571
1300 1325
1301 1551
1302 1494
1303 1328
1304 1328
1305 1309
1306 1291
1307 1449
1308 1474
1309 1380
1310 1169
1311 1226
1312 1493
1313 1725
1314 1500
1315 1503
1316 1732
1317 1233
1318 1409
1319 1605
1320 1467
1321 1360
1322 1355
1323 1170
1324 1300
1325 1270
1326 1748
1327 1519
1328 1389
1329 1238
1330 1422
1331 1208
1332 1320
1333 1568
1334 1972
1335 1599
1336 1031
1337 1504
1338 1209
1339 1285
1340 1473
1341 1136
1342 1454
1343 1378
1344 1269
1345 1251
1346 1303
1347 1287
1348 1318
1349 1348
1350 1484
1351 1398
1352 1479
1353 1554
1354 1282
1355 1593
1356 1552
1357 1367
1358 1523
1359 1551
1360 1457
1361 1434
1362 1142
1363 1409
1364 1346
1365 1270
1366 1349
1367 1200
1368 1388
1369 1611
1370 1372
1371 1293
1372 1440
1373 1476
1374 1295
1375 1421
1376 1440
1377 1450
1378 1377
1379 1459
1380 1445
1381 1391
1382 1415
1383 1551
1384 1328
1385 1591
1386 1626
1387 1568
1388 1270
1389 1286
1390 1341
1391 1481
1392 1649
1393 1504
1394 892
1395 1194
1396 1143
1397 1338
1398 1074
1399 1400
1400 1360
1401 1403
1402 1289
1403 1178
1404 1346
1405 1451
1406 1200
1407 1335
1408 1272
1409 1366
1410 1532
1411 1444
1412 1038
1413 1265
1414 1478
1415 1396
1416 1527
1417 1443
1418 1806
1419 1554
1420 1222
1421 1463
1422 1246
1423 1358
1424 1344
1425 1309
1426 1232
1427 1069
1428 1597
1429 1288
1430 1668
1431 1287
1432 1627
1433 1317
1434 1578
1435 1342
1436 1107
1437 1253
1438 1355
1439 1322
1440 1055
1441 1267
1442 1646
1443 1564
1444 1566
1445 1436
1446 1610
1447 1312
1448 1487
1449 1045
1450 1589
1451 1381
1452 1062
1453 1557
1454 1531
1455 1278
1456 1601
1457 1404
1458 1263
1459 1432
1460 1291
1461 1217
1462 1593
1463 1432
1464 1407
1465 1035
1466 1402
1467 1454
1468 1544
1469 1345
1470 1221
1471 1344
1472 1412
1473 1404
1474 1332
1475 1234
1476 1296
1477 1190
1478 1451
1479 1477
1480 946
1481 1615
1482 1416
1483 1403
1484 1506
1485 1268
1486 1543
1487 1379
1488 1435
1489 1399
1490 1616
1491 1412
1492 1278
1493 1581
1494 1473
1495 1407
1496 1330
1497 1284
1498 1480
1499 1216
1500 1168
1501 1236
1502 1405
1503 1555
1504 1463
1505 1100
1506 1500
1507 1345
1508 1447
1509 1182
1510 1761
1511 1501
1512 1222
1513 1424
1514 1458
1515 1332
1516 1372
1517 1546
1518 1413
1519 1376
1520 1330
1521 1301
1522 1629
1523 1614
1524 1365
1525 1525
1526 1370
1527 1329
1528 1434
1529 1213
1530 1407
1531 1350
1532 1488
1533 1552
1534 1457
1535 1309
1536 1336
1537 1630
1538 1117
1539 1344
1540 1466
1541 1432
1542 1442
1543 1441
1544 1398
1545 1325
1546 1239
1547 1289
1548 1288
1549 1595
1550 1267
1551 1366
1552 1396
1553 1720
1554 1718
1555 1491
1556 1488
1557 1288
1558 1518
1559 1552
1560 1480
1561 1437
1562 1225
1563 1543
1564 1379
1565 1362
1566 1296
1567 1108
1568 1324
1569 1163
1570 1650
1571 1422
1572 1256
1573 1193
1574 1293
1575 1248
1576 1429
1577 1653
1578 1555
1579 1297
1580 1630
1581 1229
1582 1305
1583 1163
1584 1165
1585 1606
1586 1505
1587 1042
1588 1789
1589 1327
1590 1427
1591 1152
1592 1413
1593 1546
1594 1578
1595 1318
1596 1559
1597 1427
1598 1515
1599 1214
1600 1381
1601 1768
1602 1504
1603 1334
1604 1659
1605 1239
1606 1497
1607 1347
1608 1158
1609 1629
1610 1107
1611 1193
1612 1222
1613 1496
1614 1555
1615 1296
1616 1514
1617 1291
1618 1432
1619 1688
1620 1375
1621 1456
1622 1473
1623 1378
1624 1740
1625 1364
1626 1288
1627 1118
1628 1370
1629 1240
1630 1474
1631 1423
1632 1418
1633 1689
1634 1453
1635 1352
1636 1109
1637 1138
1638 1789
1639 1364
1640 1861
1641 1313
1642 1355
1643 1429
1644 1364
1645 1397
1646 1361
1647 1317
1648 1331
1649 1261
1650 1481
1651 1429
1652 1269
1653 1320
1654 1244
1655 1388
1656 1243
1657 1355
1658 1406
1659 1491
1660 1422
1661 1470
1662 1451
1663 1571
1664 1423
1665 1268
1666 1400
1667 1563
1668 1551
1669 1410
1670 1223
1671 1345
1672 1345
1673 1279
1674 1493
1675 1209
1676 1427
1677 1501
1678 1256
1679 1241
1680 1703
1681 1416
1682 1508
1683 1550
1684 1173
1685 1303
1686 1401
1687 1187
1688 1363
1689 1456
1690 1654
1691 1494
1692 1510
1693 1503
1694 1349
1695 1667
1696 1196
1697 1274
1698 1550
1699 1548
1700 1418
1701 1543
1702 1202
1703 1297
1704 1321
1705 1381
1706 1463
1707 1047
1708 1557
1709 1421
1710 1173
1711 1620
1712 1303
1713 1350
1714 1783
1715 1171
1716 1263
1717 1287
1718 1227
1719 1445
1720 1217
1721 1544
1722 1543
1723 1516
1724 1365
1725 1366
1726 1454
1727 1186
1728 1255
1729 1125
1730 1229
1731 1587
1732 1460
1733 1461
1734 1459
1735 1251
1736 1225
1737 1338
1738 1259
1739 1420
1740 1116
1741 1491
1742 1527
1743 1321
1744 1380
1745 1403
1746 1559
1747 1502
1748 1466
1749 1205
1750 1129
1751 1315
1752 1091
1753 1292
1754 1552
1755 1152
1756 1424
1757 1493
1758 1544
1759 1148
1760 1361
1761 1387
1762 1716
1763 1731
1764 1177
1765 1405
1766 1783
1767 1353
1768 1383
1769 1211
1770 1594
1771 995
1772 1574
1773 1338
1774 1611
1775 1256
1776 1651
1777 1594
1778 1403
1779 1417
1780 1384
1781 1584
1782 1009
1783 1492
1784 1379
1785 1271
1786 1408
1787 1321
1788 1279
1789 1116
1790 1730
1791 1324
1792 1151
1793 1540
1794 1154
1795 1195
1796 1031
1797 1701
1798 1602
1799 1767
1800 1304
1801 1413
1802 1398
1803 1427
1804 1175
1805 1597
1806 1223
1807 1538
1808 1207
1809 1402
1810 1280
1811 1541
1812 1385
1813 1387
1814 1323
1815 1585
1816 1299
1817 1731
1818 1460
1819 1567
1820 1650
1821 1455
1822 1378
1823 1231
1824 1401
1825 1491
1826 1070
1827 1256
1828 1430
1829 1302
1830 1453
1831 1715
1832 1354
1833 1465
1834 1250
1835 1847
1836 1378
1837 1568
1838 1525
1839 1401
1840 1339
1841 1395
1842 1271
1843 1291
1844 1398
1845 1507
1846 1248
1847 1347
1848 1270
1849 1299
1850 1180
1851 1499
1852 1465
1853 1448
1854 1556
1855 1488
1856 1510
1857 1287
1858 1471
1859 1412
1860 1540
1861 1589
1862 1622
1863 1563
1864 1505
1865 1501
1866 1767
1867 1612
1868 1379
1869 1562
1870 1474
1871 1245
1872 1450
1873 1634
1874 1486
1875 1395
1876 1436
1877 1267
1878 1538
1879 1262
1880 970
1881 1572
1882 1359
1883 1513
1884 1432
1885 1483
1886 1604
1887 1361
1888 1523
1889 1622
1890 1569
1891 1150
1892 1140
1893 1330
1894 1511
1895 1473
1896 1657
1897 1452
1898 1478
1899 1392
1900 1271
1901 1351
1902 1483
1903 1296
1904 1359
1905 1424
1906 1111
1907 1307
1908 1544
1909 1466
1910 1502
1911 1250
1912 1288
1913 1451
1914 1507
1915 1515
1916 1344
1917 1526
1918 1470
1919 1043
1920 1668
1921 1322
1922 1450
1923 1411
1924 1564
1925 1476
1926 1373
1927 1453
1928 1653
1929 1366
1930 1452
1931 991
1932 1439
1933 1261
1934 1604
1935 1596
1936 999
1937 1638
1938 1383
1939 1540
1940 1390
1941 1357
1942 1325
1943 1501
1944 1296
1945 1544
1946 1341
1947 1493
1948 1214
1949 1443
1950 1298
1951 1111
1952 1143
1953 1414
1954 1329
1955 1509
1956 1204
1957 1547
1958 1311
1959 1235
1960 1387
1961 1382
1962 1600
1963 1720
1964 1519
1965 1345
1966 1200
1967 1333
1968 1583
1969 1506
1970 1213
1971 1640
1972 1444
1973 1385
1974 1227
1975 1382
1976 1518
1977 1054
1978 1307
1979 1277
1980 1694
1981 1579
1982 1683
1983 1422
1984 1571
1985 1381
1986 1213
1987 1673
1988 1717
1989 1289
1990 1087
1991 1484
1992 1396
1993 1416
1994 1343
1995 1260
1996 1343
1997 1298
1998 1271
1999 1436
2000 1665
2001 1230
2002 1368
2003 1405
2004 1196
2005 1430
2006 1218
2007 1321
2008 1359
2009 1055
2010 1347
2011 1638
2012 1539
2013 1614
2014 1380
2015 1105
2016 1228
2017 1206
2018 1427
2019 1510
2020 1449
2021 1676
2022 1127
2023 1524
2024 1313
2025 1406
2026 1400
2027 1347
2028 1570
2029 1609
2030 1442
2031 1467
2032 1434
2033 1320
2034 1525
2035 1423
2036 1287
2037 1241
2038 1351
2039 1392
2040 1235
2041 1504
2042 1127
2043 1202
2044 1309
2045 1355
2046 1476
2047 1624
2048 1179
2049 1291
2050 1240
2051 1218
2052 1234
2053 1468
2054 1423
2055 1270
2056 1508
2057 1216
2058 1380
2059 1143
2060 1253
2061 1233
2062 1195
2063 1231
2064 1193
2065 1402
2066 1154
2067 1645
2068 1179
2069 1561
2070 1525
2071 1881
2072 1651
2073 1102
2074 1324
2075 1473
2076 1590
2077 1306
2078 1097
2079 1708
2080 1669
2081 1444
2082 1199
2083 1248
2084 1388
2085 1322
2086 1187
2087 1511
2088 1316
2089 1927
2090 1348
2091 1579
2092 1533
2093 1584
2094 1343
2095 1418
2096 1698
2097 1296
2098 1397
2099 1377
2100 1201
2101 1443
2102 1628
2103 1691
2104 1515
2105 1372
2106 1465
2107 1565
2108 1389
2109 1268
2110 1101
2111 1221
2112 1429
2113 1459
2114 1305
2115 1423
2116 1572
2117 1641
2118 1444
2119 1512
2120 1193
2121 1542
2122 1311
2123 1478
2124 1381
2125 1611
2126 1213
2127 1589
2128 1318
2129 1158
2130 1235
2131 1517
2132 1023
2133 1356
2134 1499
2135 1089
2136 1597
2137 1188
2138 1373
2139 1216
2140 1350
2141 1428
2142 1293
2143 1396
2144 984
2145 1411
2146 1274
2147 1452
2148 1321
2149 1190
2150 972
2151 1136
2152 1398
2153 1333
2154 1290
2155 1534
2156 1155
2157 1281
2158 1463
2159 1522
2160 1506
2161 1576
2162 1297
2163 1472
2164 1303
2165 1285
2166 1436
2167 1528
2168 1118
2169 1654
2170 1633
2171 1498
2172 1384
2173 1555
2174 1478
2175 1170
2176 1364
2177 1776
2178 1656
2179 1215
2180 1377
2181 1074
2182 1508
2183 1618
2184 1615
2185 1600
2186 1267
2187 1455
2188 1353
2189 1318
2190 1266
2191 1484
2192 1436
2193 1104
2194 1509
2195 1353
2196 1142
2197 1305
2198 1459
2199 1474
2200 1603
2201 1349
2202 1288
2203 1422
2204 1400
2205 1589
2206 1459
2207 1369
2208 1311
2209 1200
2210 1459
2211 1706
2212 1342
2213 1589
2214 1103
2215 1586
2216 1430
2217 1363
2218 1426
2219 1111
2220 1506
2221 1283
2222 1138
2223 1404
2224 1504
2225 1592
2226 1240
2227 1068
2228 1572
2229 1305
2230 1522
2231 1297
2232 1095
2233 1498
2234 1015
2235 1125
2236 1353
2237 1307
2238 1371
2239 1209
2240 1432
2241 1146
2242 1439
2243 1499
2244 1671
2245 1396
2246 1152
2247 1266
2248 1488
2249 1454
2250 983
2251 1631
2252 1457
2253 1196
2254 1356
2255 1279
2256 1297
2257 1025
2258 1347
2259 1456
2260 1095
2261 1340
2262 1534
2263 1407
2264 1097
2265 1442
2266 1384
2267 1396
2268 1386
2269 1230
2270 1699
2271 1254
2272 1424
2273 1369
2274 1571
2275 1297
2276 1504
2277 1258
2278 1315
2279 1704
2280 1270
2281 979
2282 1520
2283 1300
2284 1013
2285 1411
2286 1514
2287 1496
2288 1476
2289 1036
2290 1105
2291 1599
2292 1337
2293 1570
2294 1355
2295 1314
2296 1455
2297 1484
2298 1420
2299 1468
2300 1540
2301 1641
2302 1497
2303 1700
2304 1383
2305 1480
2306 1278
2307 1087
2308 1522
2309 1457
2310 1497
2311 1412
2312 1255
2313 1612
2314 1583
2315 1513
2316 1511
2317 1227
2318 1385
2319 1240
2320 941
2321 1529
2322 1344
2323 1390
2324 1333
2325 1714
2326 1537
2327 1608
2328 1225
2329 1351
2330 1287
2331 1291
2332 1621
2333 1177
2334 1196
2335 1409
2336 1340
2337 1424
2338 1389
2339 1091
2340 1271
2341 1614
2342 1408
2343 1532
2344 1327
2345 1335
2346 1480
2347 1230
2348 1308
2349 1411
2350 1312
2351 1439
2352 1380
2353 1471
2354 1373
2355 1286
2356 1369
2357 1432
2358 1413
2359 1269
2360 1266
2361 1281
2362 1302
2363 1451
2364 1833
2365 1393
2366 1311
2367 1508
2368 1373
2369 1308
2370 1345
2371 1328
2372 1530
2373 1422
2374 1228
2375 1178
2376 1228
2377 1234
2378 1144
2379 1265
2380 1319
2381 1595
2382 1361
2383 1569
2384 1384
2385 1204
2386 1399
2387 1668
2388 1282
2389 1319
2390 1217
2391 1196
2392 1441
2393 1550
2394 1600
2395 1443
2396 1401
2397 1461
2398 1633
2399 1257
2400 1387
2401 1323
2402 1446
2403 1186
2404 1262
2405 849
2406 1533
2407 1224
2408 1443
2409 993
2410 1357
2411 1118
2412 1318
2413 1256
2414 1371
2415 1192
2416 1282
2417 1589
2418 1621
2419 1468
2420 1414
2421 1397
2422 1473
2423 1161
2424 1185
2425 1173
2426 1141
2427 1312
2428 1429
2429 1479
2430 1692
2431 1534
2432 1323
2433 1101
2434 1222
2435 1551
2436 1336
2437 1035
2438 1514
2439 1130
2440 1540
2441 1174
2442 1662
2443 1445
2444 1198
2445 1367
2446 1576
2447 1523
2448 1718
2449 1302
2450 1454
2451 1254
2452 1259
2453 1501
2454 1115
2455 1714
2456 1545
2457 1313
2458 1268
2459 1320
2460 1061
2461 1035
2462 1509
2463 1496
2464 1386
2465 1131
2466 1321
2467 1300
2468 1065
2469 1232
2470 1404
2471 1343
2472 1285
2473 1161
2474 1279
2475 1241
2476 1377
2477 1393
2478 1336
2479 1221
2480 1364
2481 1119
2482 1153
2483 1723
2484 1556
2485 1362
2486 1174
2487 1374
2488 1225
2489 1219
2490 1474
2491 1184
2492 1432
2493 1299
2494 1400
2495 1435
2496 1216
2497 1378
2498 1545
2499 1388
2500 1404
2501 1251
2502 1184
2503 1244
2504 1351
2505 1640
2506 1546
2507 1294
2508 1434
2509 1001
2510 1275
2511 1219
2512 1421
2513 1381
2514 1500
2515 1689
2516 1274
2517 1481
2518 1417
2519 1345
2520 1397
2521 1503
2522 1386
2523 1209
2524 1331
2525 1162
2526 1158
2527 1235
2528 1293
2529 1619
2530 1303
2531 1536
2532 1467
2533 1115
2534 1342
2535 1304
2536 1236
2537 1384
2538 1641
2539 1297
2540 1825
2541 1435
2542 1663
2543 1284
2544 1338
2545 1083
2546 1201
2547 1321
2548 1699
2549 1298
2550 1173
2551 1541
2552 1346
2553 1537
2554 1265
2555 1330
2556 1319
2557 1345
2558 919
2559 1361
2560 1462
2561 1636
2562 1613
2563 1130
2564 1376
2565 994
2566 1432
2567 1529
2568 1423
2569 1401
2570 1434
2571 1276
2572 1589
2573 1458
2574 1267
2575 1136
2576 1362
2577 1364
2578 1440
2579 1539
2580 1596
2581 1535
2582 1415
2583 1302
2584 1359
2585 1107
2586 1607
2587 1489
2588 1226
2589 1282
2590 1336
2591 1410
2592 1151
2593 1123
2594 1541
2595 1109
2596 1089
2597 1109
2598 1691
2599 1329
2600 1176
2601 1338
2602 1334
2603 1265
2604 1279
2605 1055
2606 1340
2607 1248
2608 1593
2609 1351
2610 1357
2611 1206
2612 1485
2613 1381
2614 1389
2615 1499
2616 1272
2617 1516
2618 1173
2619 1355
2620 1466
2621 1200
2622 1298
2623 1472
2624 1561
2625 1197
2626 1408
2627 1188
2628 1863
2629 1223
2630 1266
2631 1550
2632 1203
2633 1723
2634 1247
2635 1589
2636 1458
2637 1761
2638 1280
2639 1440
2640 1503
2641 927
2642 1342
2643 1705
2644 1454
2645 1423
2646 1564
2647 1260
2648 1289
2649 1441
2650 1436
2651 1020
2652 1462
2653 1352
2654 1490
2655 1469
2656 862
2657 1373
2658 1384
2659 1276
2660 1220
2661 1470
2662 1452
2663 1213
2664 1570
2665 1312
2666 1231
2667 1452
2668 1534
2669 1427
2670 1055
2671 1571
2672 1655
2673 1311
2674 1567
2675 1263
2676 1184
2677 1159
2678 1410
2679 1170
2680 1207
2681 1211
2682 1132
2683 1520
2684 1359
2685 1446
2686 1192
2687 1700
2688 1174
2689 1354
2690 1445
2691 1225
2692 1291
2693 1587
2694 1330
2695 1187
2696 1513
2697 1797
2698 1423
2699 1467
2700 1301
2701 1108
2702 1413
2703 1483
2704 1301
2705 1651
2706 1128
2707 1360
2708 1191
2709 1572
2710 1477
2711 1697
2712 1259
2713 1419
2714 1590
2715 1128
2716 1409
2717 1341
2718 1434
2719 1485
2720 1201
2721 1626
2722 1482
2723 1439
2724 1510
2725 1244
2726 1174
2727 1354
2728 1296
2729 1278
2730 1419
2731 1239
2732 1642
2733 1147
2734 1624
2735 1647
2736 1275
2737 1112
2738 1392
2739 1119
2740 1276
2741 1124
2742 1208
2743 1761
2744 1453
2745 1141
2746 1646
2747 1240
2748 1337
2749 1339
2750 1212
2751 1375
2752 1445
2753 1448
2754 1432
2755 1675
2756 1371
2757 1368
2758 1187
2759 1365
2760 1210
2761 1409
2762 1557
2763 1237
2764 1227
2765 1779
2766 1373
2767 1390
2768 1308
2769 1492
2770 1445
2771 1426
2772 1420
2773 1265
2774 1251
2775 1279
2776 1455
2777 1654
2778 1562
2779 1358
2780 1478
2781 1221
2782 1413
2783 1329
2784 1352
2785 1606
2786 1369
2787 1295
2788 1486
2789 1352
2790 1561
2791 1180
2792 1064
2793 1220
2794 1352
2795 1190
2796 1789
2797 1424
2798 1259
2799 1428
2800 1309
2801 1088
2802 1508
2803 1680
2804 1460
2805 1464
2806 1245
2807 1338
2808 1568
2809 1090
2810 1609
2811 1270
2812 1398
2813 1653
2814 1721
2815 1339
2816 1505
2817 1666
2818 1249
2819 1657
2820 1373
2821 1571
2822 1469
2823 1308
2824 1270
2825 1236
2826 1305
2827 1408
2828 1319
2829 1402
2830 1813
2831 1396
2832 1669
2833 1378
2834 1069
2835 1235
2836 1599
2837 1522
2838 1430
2839 1402
2840 1322
2841 1762
2842 1352
2843 1292
2844 1046
2845 1408
2846 1345
2847 1253
2848 1134
2849 1211
2850 1446
2851 1155
2852 1557
2853 1291
2854 1210
2855 1163
2856 1056
2857 1310
2858 1501
2859 1266
2860 1400
2861 1478
2862 1416
2863 1327
2864 1089
2865 1759
2866 1237
2867 1353
2868 1411
2869 1618
2870 1371
2871 1357
2872 1296
2873 1343
2874 1377
2875 1410
2876 1732
2877 1334
2878 1479
2879 1513
2880 1228
2881 1372
2882 1676
2883 1366
2884 1357
2885 1460
2886 1511
2887 1514
2888 1390
2889 1270
2890 1572
2891 1170
2892 1584
2893 1158
2894 1696
2895 1369
2896 1566
2897 1227
2898 1193
2899 1788
2900 1294
2901 1616
2902 1397
2903 1210
2904 1279
2905 1674
2906 1260
2907 1659
2908 1381
2909 1289
2910 1219
2911 1466
2912 1421
2913 1441
2914 1137
2915 1398
2916 1360
2917 1623
2918 1260
2919 1241
2920 1624
2921 967
2922 1158
2923 1907
2924 1096
2925 1611
2926 1158
2927 1201
2928 1546
2929 1348
2930 1387
2931 1670
2932 1139
2933 983
2934 1154
2935 1469
2936 1417
2937 1346
2938 1476
2939 1600
2940 1156
2941 1375
2942 1458
2943 1321
2944 1252
2945 1326
2946 1230
2947 1655
2948 1438
2949 1485
2950 1455
2951 1701
2952 1190
2953 1454
2954 1631
2955 1274
2956 1551
2957 1420
2958 1536
2959 1452
2960 1273
2961 1570
2962 1533
2963 1460
2964 1308
2965 1410
2966 1299
2967 1357
2968 1218
2969 1311
2970 1127
2971 1628
2972 1606
2973 1697
2974 1435
2975 1401
2976 1451
2977 1117
2978 1230
2979 1710
2980 1354
2981 1389
2982 1430
2983 1279
2984 1259
2985 1350
2986 1443
2987 1345
2988 1398
2989 1485
2990 1320
2991 1534
2992 1368
2993 1120
2994 1518
2995 1494
2996 1361
2997 1605
2998 1165
2999 1263
3000 1586
3001 1683
3002 1472
3003 1422
3004 1284
3005 1232
3006 1141
3007 1435
3008 1217
3009 1238
3010 1471
3011 1397
3012 1366
3013 1208
3014 1343
3015 1466
3016 1488
3017 1436
3018 1103
3019 1533
3020 1032
3021 1461
3022 1370
3023 1584
3024 1471
3025 1224
3026 1373
3027 1542
3028 1545
3029 1293
3030 1279
3031 1549
3032 1345
3033 1599
3034 1324
3035 1468
3036 1381
3037 1537
3038 1401
3039 1416
3040 1421
3041 1347
3042 1225
3043 1475
3044 1228
3045 1540
3046 1306
3047 1060
3048 1320
3049 1389
3050 1333
3051 1272
3052 1439
3053 1508
3054 1214
3055 1442
3056 1496
3057 1438
3058 1204
3059 1280
3060 1266
3061 1746
3062 1723
3063 1132
3064 1454
3065 1336
3066 1512
3067 1365
3068 1260
3069 1368
3070 1232
3071 1014
3072 1285
3073 1217
3074 1484
3075 1494
3076 1820
3077 1287
3078 1371
3079 1215
3080 1295
3081 1914
3082 1267
3083 1497
3084 1725
3085 1419
3086 1476
3087 1276
3088 1456
3089 1444
3090 1362
3091 1309
3092 1577
3093 1142
3094 1445
3095 1480
3096 1682
3097 1426
3098 1074
3099 1494
3100 1707
3101 1331
3102 1454
3103 1700
3104 1197
3105 1323
3106 1764
3107 1613
3108 1267
3109 1510
3110 1382
3111 1477
3112 1431
3113 1217
3114 1410
3115 1235
3116 1195
3117 1453
3118 1437
3119 1609
3120 1486
3121 1667
3122 1477
3123 1339
3124 1633
3125 1450
3126 1407
3127 1408
3128 1555
3129 1659
3130 1461
3131 1241
3132 1420
3133 836
3134 1287
3135 1394
3136 1432
3137 1256
3138 1467
3139 1143
3140 1193
3141 1440
3142 1442
3143 1287
3144 1298
3145 1453
3146 1424
3147 1625
3148 1772
3149 1340
3150 1455
3151 1333
3152 1260
3153 1257
3154 1276
3155 1437
3156 1364
3157 1508
3158 1343
3159 1659
3160 1521
3161 1323
3162 1447
3163 1366
3164 1350
3165 1188
3166 1291
3167 1406
3168 1332
3169 1472
3170 1326
3171 1271
3172 1324
3173 1477
3174 1505
3175 1207
3176 1238
3177 1652
3178 1278
3179 1351
3180 1311
3181 1622
3182 1300
3183 1322
3184 1479
3185 1408
3186 1238
3187 1785
3188 1758
3189 1386
3190 1276
3191 1110
3192 1397
3193 1470
3194 1252
3195 1362
3196 1310
3197 1357
3198 1300
3199 1641
3200 1462
3201 1497
3202 1352
3203 1525
3204 1453
3205 1523
3206 1167
3207 1362
3208 1523
3209 1583
3210 1313
3211 1298
3212 1226
3213 1553
3214 1678
3215 1248
3216 1449
3217 1468
3218 1259
3219 1139
3220 1584
3221 1457
3222 1064
3223 1252
3224 1568
3225 1232
3226 1278
3227 1346
3228 1594
3229 1298
3230 1482
3231 1228
3232 1287
3233 1581
3234 1477
3235 1489
3236 1562
3237 1233
3238 1546
3239 1213
3240 1175
3241 1436
3242 1445
3243 983
3244 1236
3245 1162
3246 1388
3247 1315
3248 1272
3249 1359
3250 1611
3251 1342
3252 1389
3253 1348
3254 1285
3255 1511
3256 1514
3257 1527
3258 1150
3259 1220
3260 1366
3261 1034
3262 1504
3263 1432
3264 1452
3265 1347
3266 1557
3267 1473
3268 1269
3269 1295
3270 1555
3271 1452
3272 1377
3273 1289
3274 1372
3275 1199
3276 1462
3277 1462
3278 1376
3279 1190
3280 1404
3281 1431
3282 1510
3283 1643
3284 1343
3285 1239
3286 1521
3287 1488
3288 1382
3289 1387
3290 1825
3291 1606
3292 1323
3293 1267
3294 1405
3295 1192
3296 1214
3297 1334
3298 1460
3299 1073
3300 1298
3301 1325
3302 1443
3303 1103
3304 1587
3305 1527
3306 1201
3307 1721
3308 1504
3309 1196
3310 1226
3311 1600
3312 1123
3313 1316
3314 1124
3315 1284
3316 1444
3317 1863
3318 1277
3319 1321
3320 1361
3321 1472
3322 1310
3323 1372
3324 1449
3325 1502
3326 1203
3327 1292
3328 1273
3329 1770
3330 1616
3331 1506
3332 1523
3333 1309
3334 1411
3335 1400
3336 1176
3337 1272
3338 1544
3339 1516
3340 1608
3341 1401
3342 1112
3343 1486
3344 1605
3345 1599
3346 1226
3347 1441
3348 1288
3349 1387
3350 1413
3351 1424
3352 1197
3353 1465
3354 1357
3355 1381
3356 1357
3357 1690
3358 1827
3359 1489
3360 1626
3361 1284
3362 1806
3363 1245
3364 995
3365 1378
3366 1459
3367 993
3368 1175
3369 1919
3370 1266
3371 1534
3372 1505
3373 1584
3374 1115
3375 1214
3376 1275
3377 1463
3378 1394
3379 1251
3380 1561
3381 1267
3382 1367
3383 1382
3384 1252
3385 1439
3386 1387
3387 1774
3388 1491
3389 1146
3390 1235
3391 1366
3392 1570
3393 1403
3394 1665
3395 1159
3396 1512
3397 1358
3398 1326
3399 1087
3400 1647
3401 1301
3402 1453
3403 1271
3404 1539
3405 1353
3406 1481
3407 1172
3408 1637
3409 1354
3410 1376
3411 1365
3412 1129
3413 1208
3414 1149
3415 1542
3416 1238
3417 1472
3418 1728
3419 1355
3420 1616
3421 1046
3422 1377
3423 1459
3424 1327
3425 1341
3426 1690
3427 1407
3428 984
3429 1083
3430 1571
3431 1343
3432 1498
3433 1297
3434 1295
3435 1818
3436 1380
3437 1586
3438 1356
3439 1266
3440 1157
3441 1472
3442 1543
3443 1429
3444 1317
3445 1372
3446 1333
3447 1540
3448 1305
3449 1205
3450 1524
3451 1392
3452 1373
3453 1423
3454 1504
3455 1403
3456 1583
3457 1276
3458 1255
3459 1482
3460 1271
3461 1516
3462 1429
3463 1104
3464 1172
3465 1217
3466 1233
3467 1250
3468 1442
3469 1297
3470 1069
3471 1593
3472 1259
3473 1415
3474 1735
3475 1289
3476 1597
3477 1432
3478 1619
3479 1170
3480 1151
3481 1351
3482 1342
3483 1116
3484 1533
3485 1246
3486 1171
3487 1148
3488 1267
3489 1417
3490 1571
3491 1093
3492 1336
3493 1498
3494 1329
3495 1264
3496 1520
3497 1734
3498 1209
3499 1234
3500 1268
3501 1467
3502 1502
3503 1481
3504 1215
3505 1026
3506 1212
3507 1179
3508 1521
3509 1423
3510 1270
3511 1532
3512 1489
3513 1782
3514 1174
3515 1373
3516 1237
3517 1137
3518 1342
3519 1245
3520 1131
3521 1470
3522 1386
3523 1362
3524 1632
3525 1491
3526 1727
3527 1284
3528 1480
3529 1616
3530 1535
3531 1000
3532 1178
3533 1453
3534 1427
3535 1322
3536 1403
3537 1334
3538 1566
3539 1372
3540 1499
3541 1240
3542 1266
3543 1563
3544 1347
3545 1387
3546 1390
3547 1425
3548 1553
3549 1159
3550 1323
3551 1502
3552 1373
3553 1094
3554 1317
3555 1226
3556 1319
3557 1247
3558 1383
3559 1410
3560 1383
3561 1323
3562 1402
3563 1398
3564 1215
3565 1520
3566 1439
3567 1325
3568 1392
3569 1413
3570 1154
3571 1288
3572 1607
3573 1211
3574 1455
3575 1398
3576 1425
3577 1442
3578 1279
3579 1491
3580 1245
3581 1660
3582 1273
3583 1412
3584 1201
3585 1483
3586 1373
3587 1432
3588 1365
3589 1510
3590 1295
3591 1513
3592 1264
3593 1323
3594 1305
3595 1677
3596 1332
3597 1404
3598 1333
3599 1386
3600 1433
3601 1408
3602 1196
3603 1452
3604 1437
3605 1488
3606 1395
3607 1188
3608 1230
3609 1709
3610 1448
3611 1632
3612 1261
3613 1226
3614 1377
3615 1236
3616 1386
3617 1561
3618 1186
3619 1250
3620 1676
3621 1527
3622 1516
3623 1385
3624 1778
3625 1440
3626 1515
3627 1465
3628 1361
3629 1416
3630 1453
3631 1497
3632 1327
3633 1385
3634 1571
3635 1867
3636 1160
3637 1468
3638 1384
3639 1582
3640 1611
3641 968
3642 1484
3643 1469
3644 1277
3645 1391
3646 1490
3647 1008
3648 1583
3649 1514
3650 1337
3651 1234
3652 1562
3653 1611
3654 1322
3655 1648
3656 1364
3657 1335
3658 1437
3659 1185
3660 1377
3661 1529
3662 1535
3663 1661
3664 1362
3665 1445
3666 1259
3667 1558
3668 1294
3669 1498
3670 1369
3671 1493
3672 1414
3673 1193
3674 1152
3675 1053
3676 1264
3677 1504
3678 1000
3679 1169
3680 1237
3681 1122
3682 1398
3683 1270
3684 1201
3685 1300
3686 1424
3687 1293
3688 1459
3689 1294
3690 1155
3691 1198
3692 1253
3693 1459
3694 1458
3695 1428
3696 1639
3697 1080
3698 1369
3699 1366
3700 1381
3701 1272
3702 1769
3703 1403
3704 1158
3705 1529
3706 1167
3707 1693
3708 1258
3709 1553
3710 1182
3711 1462
3712 1154
3713 1329
3714 946
3715 1630
3716 1177
3717 1364
3718 1388
3719 1371
3720 1423
3721 1348
3722 1584
3723 1366
3724 1486
3725 1515
3726 1303
3727 1093
3728 1545
3729 1477
3730 1187
3731 1317
3732 1346
3733 1163
3734 1311
3735 1335
3736 1608
3737 1595
3738 1354
3739 1534
3740 1371
3741 1545
3742 1350
3743 1346
3744 1259
3745 1448
3746 1105
3747 1206
3748 1177
3749 1266
3750 1397
3751 1356
3752 1396
3753 1251
3754 1334
3755 1855
3756 1478
3757 1526
3758 1389
3759 1454
3760 1804
3761 1384
3762 1517
3763 1393
3764 1603
3765 1511
3766 1689
3767 1504
3768 1425
3769 1096
3770 1669
3771 1366
3772 1317
3773 1405
3774 1339
3775 1376
3776 1688
3777 1548
3778 1183
3779 926
3780 1308
3781 1817
3782 1253
3783 1499
3784 1691
3785 1460
3786 1508
3787 1387
3788 1573
3789 1599
3790 1228
3791 904
3792 1641
3793 1150
3794 1238
3795 1187
3796 1393
3797 1291
3798 1514
3799 1368
3800 1469
3801 1316
3802 1270
3803 1425
3804 1595
3805 1595
3806 1304
3807 974
3808 1383
3809 1467
3810 1154
3811 1157
3812 1367
3813 1440
3814 1545
3815 1623
3816 1287
3817 1289
3818 1126
3819 1647
3820 1273
3821 1352
3822 1339
3823 1721
3824 1334
3825 1272
3826 1470
3827 1265
3828 1166
3829 1366
3830 1235
3831 1357
3832 1315
3833 1341
3834 1362
3835 1580
3836 1419
3837 1734
3838 1289
3839 1643
3840 1581
3841 1236
3842 1220
3843 1188
3844 1547
3845 1200
3846 1346
3847 1280
3848 1615
3849 1534
3850 1551
3851 1499
3852 1153
3853 1355
3854 1565
3855 1673
3856 1190
3857 1664
3858 1336
3859 1467
3860 1437
3861 1316
3862 1462
3863 1570
3864 1116
3865 1491
3866 1271
3867 1394
3868 1425
3869 1635
3870 1474
3871 1499
3872 1378
3873 1291
3874 1345
3875 1450
3876 1288
3877 1304
3878 1444
3879 1242
3880 1393
3881 1602
3882 1418
3883 1388
3884 1353
3885 1499
3886 1382
3887 1262
3888 1123
3889 1116
3890 1515
3891 1362
3892 1344
3893 1301
3894 1240
3895 1414
3896 1201
3897 1454
3898 1432
3899 1170
3900 1670
3901 1324
3902 1514
3903 1175
3904 1253
3905 1307
3906 1523
3907 962
3908 1261
3909 1177
3910 1742
3911 1488
3912 1272
3913 1329
3914 1621
3915 1208
3916 1325
3917 1485
3918 1483
3919 1253
3920 1450
3921 1434
3922 1410
3923 1537
3924 1394
3925 1683
3926 1277
3927 1172
3928 1270
3929 1269
3930 1474
3931 1190
3932 1725
3933 1545
3934 1306
3935 1498
3936 1196
3937 1467
3938 1350
3939 1331
3940 1295
3941 1558
3942 1191
3943 1333
3944 1223
3945 939
3946 1565
3947 1511
3948 1597
3949 1480
3950 1575
3951 1447
3952 1330
3953 1792
3954 984
3955 1265
3956 1386
3957 1395
3958 1210
3959 1277
3960 1239
3961 1284
3962 1385
3963 1617
3964 1425
3965 1325
3966 1421
3967 1304
3968 1430
3969 1544
3970 1655
3971 1383
3972 1731
3973 1523
3974 1320
3975 1371
3976 1457
3977 1303
3978 1257
3979 1595
3980 1548
3981 1310
3982 1401
3983 1448
3984 1628
3985 1557
3986 1554
3987 1322
3988 1473
3989 1564
3990 1435
3991 1670
3992 1214
3993 1587
3994 1387
3995 1630
3996 1304
3997 1449
3998 1225
3999 1595
4000 1684
4001 1803
4002 1189
4003 1290
4004 1391
4005 1337
4006 1359
4007 1321
4008 990
4009 1344
4010 1302
4011 1504
4012 1127
4013 1603
4014 1150
4015 1346
4016 1275
4017 1199
4018 1305
4019 1482
4020 1552
4021 1360
4022 1471
4023 1498
4024 1542
4025 1330
4026 1532
4027 1492
4028 1278
4029 1497
4030 1380
4031 1275
4032 1530
4033 1202
4034 1434
4035 1326
4036 1565
4037 1585
4038 1216
4039 1235
4040 1265
4041 1537
4042 1449
4043 1367
4044 1708
4045 1532
4046 1390
4047 1648
4048 1466
4049 1455
4050 1243
4051 1032
4052 1282
4053 1499
4054 1191
4055 1453
4056 1276
4057 1912
4058 1288
4059 1315
4060 1368
4061 1288
4062 1404
4063 1283
4064 1461
4065 1529
4066 1467
4067 1106
4068 1060
4069 1222
4070 1214
4071 1625
4072 1453
4073 1373
4074 1417
4075 1382
4076 1208
4077 1433
4078 1274
4079 1250
4080 1287
4081 1387
4082 1216
4083 1503
4084 1647
4085 1607
4086 1260
4087 1484
4088 1453
4089 1614
4090 1379
4091 1034
4092 1449
4093 1628
4094 1546
4095 1571
4096 1448
4097 1184
4098 1356
4099 1175
4100 1449
4101 1312
4102 1529
4103 1470
4104 1506
4105 1328
4106 1331
4107 1605
4108 1381
4109 1673
4110 1069
4111 1411
4112 1619
4113 1287
4114 1220
4115 1264
4116 1451
4117 1386
4118 1483
4119 1327
4120 1361
4121 1489
4122 1429
4123 1346
4124 1393
4125 1159
4126 1296
4127 1629
4128 1556
4129 1581
4130 1505
4131 1421
4132 1203
4133 1493
4134 1202
4135 1428
4136 1672
4137 1643
4138 1558
4139 1407
4140 1183
4141 1344
4142 1759
4143 1248
4144 1681
4145 1414
4146 1755
4147 1202
4148 1450
4149 1238
4150 1198
4151 1425
4152 1375
4153 1370
4154 1373
4155 1489
4156 1260
4157 1441
4158 1442
4159 1337
4160 1382
4161 1507
4162 1495
4163 1679
4164 1512
4165 1403
4166 1272
4167 1811
4168 1302
4169 1415
4170 996
4171 1474
4172 1000
4173 1195
4174 1390
4175 1226
4176 1652
4177 1223
4178 1239
4179 1382
4180 1203
4181 1247
4182 1377
4183 1780
4184 1381
4185 1568
4186 1427
4187 1242
4188 1627
4189 1240
4190 1682
4191 1586
4192 1314
4193 1412
4194 1433
4195 1061
4196 1204
4197 1463
4198 1271
4199 1215
4200 1705
4201 1546
4202 974
4203 1555
4204 1606
4205 1336
4206 1194
4207 1756
4208 1278
4209 1448
4210 1245
4211 1505
4212 1301
4213 1325
4214 1408
4215 1100
4216 1453
4217 1387
4218 1390
4219 1455
4220 1050
4221 1475
4222 1209
4223 1441
4224 1450
4225 1527
4226 1487
4227 1467
4228 1867
4229 1391
4230 1288
4231 1347
4232 1562
4233 1213
4234 1568
4235 1430
4236 1345
4237 1390
4238 1033
4239 1238
4240 1455
4241 1559
4242 1574
4243 1529
4244 1219
4245 1626
4246 1655
4247 1435
4248 1621
4249 1396
4250 1480
4251 1257
4252 1309
4253 1578
4254 1594
4255 1162
4256 1425
4257 1489
4258 1421
4259 1724
4260 1579
4261 1368
4262 972
4263 1424
4264 1619
4265 1696
4266 1318
4267 1377
4268 1431
4269 1542
4270 1206
4271 1105
4272 1269
4273 1618
4274 1508
4275 1508
4276 1180
4277 1552
4278 1515
4279 1529
4280 1576
4281 1523
4282 1475
4283 1329
4284 1075
4285 1636
4286 1513
4287 1535
4288 1166
4289 1249
4290 1583
4291 1819
4292 1142
4293 1535
4294 1602
4295 1269
4296 990
4297 1376
4298 1348
4299 1448
4300 1392
4301 1268
4302 1409
4303 1284
4304 1379
4305 1167
4306 1325
4307 1354
4308 1385
4309 1325
4310 1116
4311 1461
4312 1357
4313 1430
4314 1471
4315 1397
4316 1221
4317 1255
4318 1195
4319 1512
4320 1333
4321 1120
4322 1249
4323 1560
4324 1654
4325 1477
4326 1144
4327 1497
4328 1403
4329 1795
4330 1423
4331 1233
4332 1502
4333 1494
4334 1382
4335 1216
4336 1136
4337 1532
4338 1270
4339 1245
4340 1527
4341 1602
4342 1649
4343 1409
4344 1178
4345 1338
4346 1396
4347 1306
4348 1538
4349 1299
4350 1220
4351 1596
4352 1271
4353 1335
4354 1117
4355 1199
4356 1608
4357 1172
4358 1424
4359 1289
4360 1135
4361 1488
4362 1412
4363 1417
4364 1504
4365 1252
4366 1259
4367 1246
4368 1333
4369 1299
4370 1326
4371 1464
4372 1472
4373 1293
4374 1225
4375 1287
4376 1346
4377 1622
4378 1565
4379 1552
4380 1275
4381 1509
4382 1657
4383 1413
4384 1323
4385 1396
4386 1758
4387 1069
4388 1459
4389 1298
4390 1136
4391 1215
4392 1075
4393 1593
4394 1394
4395 1376
4396 1373
4397 1379
4398 1387
4399 1233
4400 1496
4401 1751
4402 1185
4403 1366
4404 1362
4405 1717
4406 1348
4407 1226
4408 1058
4409 1573
4410 1240
4411 1480
4412 1224
4413 1407
4414 1212
4415 1417
4416 1545
4417 1633
4418 1458
4419 1141
4420 1450
4421 1127
4422 1238
4423 1567
4424 1355
4425 1520
4426 1284
4427 1412
4428 1473
4429 1468
4430 1735
4431 1518
4432 1380
4433 1262
4434 1356
4435 1274
4436 1341
4437 1395
4438 1336
4439 1182
4440 1600
4441 1154
4442 1073
4443 1546
4444 1819
4445 1404
4446 1633
4447 1587
4448 1464
4449 1238
4450 1106
4451 1307
4452 1241
4453 1149
4454 1449
4455 1376
4456 1415
4457 1481
4458 1648
4459 1433
4460 1620
4461 1502
4462 1454
4463 1251
4464 1236
4465 1265
4466 1642
4467 1462
4468 1400
4469 1266
4470 1509
4471 1314
4472 1498
4473 1337
4474 1572
4475 1277
4476 1498
4477 1362
4478 1654
4479 1447
4480 1167
4481 1483
4482 1233
4483 1413
4484 1512
4485 1599
4486 1448
4487 1324
4488 1674
4489 1399
4490 1118
4491 1271
4492 1653
4493 1415
4494 1232
4495 1442
4496 1328
4497 846
4498 1237
4499 1330
4500 1222
4501 1203
4502 1279
4503 1293
4504 1410
4505 1566
4506 1351
4507 1259
4508 1432
4509 1189
4510 1229
4511 1429
4512 1325
4513 1423
4514 1360
4515 1455
4516 1281
4517 1724
4518 1735
4519 1394
4520 1101
4521 1198
4522 1144
4523 1402
4524 1476
4525 1676
4526 1352
4527 1791
4528 1442
4529 1262
4530 1284
4531 1231
4532 1369
4533 1638
4534 1477
4535 1416
4536 1445
4537 1375
4538 1540
4539 1526
4540 1412
4541 1530
4542 1185
4543 1636
4544 1623
4545 1164
4546 1400
4547 1336
4548 1588
4549 1418
4550 1574
4551 1505
4552 1544
4553 1386
4554 1369
4555 1416
4556 1357
4557 1485
4558 1412
4559 1484
4560 1402
4561 1573
4562 1369
4563 1488
4564 1432
4565 1219
4566 1539
4567 1294
4568 1473
4569 1328
4570 1681
4571 1284
4572 1478
4573 1382
4574 1307
4575 1414
4576 1280
4577 1451
4578 1418
4579 1418
4580 1740
4581 1693
4582 1524
4583 1396
4584 1819
4585 1799
4586 1397
4587 1460
4588 1765
4589 1899
4590 1284
4591 1395
4592 1106
4593 1682
4594 1332
4595 1342
4596 1565
4597 1284
4598 1449
4599 1424
4600 1378
4601 1201
4602 1124
4603 1334
4604 1443
4605 1301
4606 1201
4607 1366
4608 1473
4609 1491
4610 1275
4611 990
4612 1564
4613 1366
4614 1522
4615 1549
4616 1368
4617 1468
4618 1366
4619 1573
4620 1092
4621 1261
4622 1199
4623 1199
4624 1304
4625 1225
4626 1345
4627 1490
4628 1365
4629 1222
4630 1046
4631 1424
4632 1099
4633 1292
4634 1261
4635 1382
4636 1378
4637 1248
4638 1516
4639 1381
4640 1542
4641 1496
4642 1514
4643 1289
4644 1156
4645 1635
4646 1374
4647 1199
4648 1449
4649 1328
4650 1604
4651 1500
4652 1465
4653 1363
4654 1258
4655 1337
4656 1621
4657 1366
4658 1730
4659 1315
4660 1296
4661 1323
4662 1461
4663 1239
4664 1308
4665 1563
4666 1174
4667 1203
4668 1353
4669 1128
4670 1289
4671 1616
4672 1472
4673 1538
4674 1379
4675 1164
4676 1751
4677 1195
4678 1563
4679 1196
4680 1301
4681 1426
4682 1554
4683 1218
4684 1380
4685 1364
4686 1502
4687 1278
4688 1381
4689 1345
4690 1183
4691 1511
4692 1539
4693 1780
4694 1306
4695 1619
4696 1277
4697 1315
4698 1482
4699 1286
4700 1488
4701 1368
4702 1531
4703 1347
4704 1469
4705 1456
4706 1396
4707 1642
4708 1214
4709 1484
4710 1632
4711 1644
4712 1242
4713 1531
4714 1415
4715 1294
4716 1404
4717 1272
4718 1601
4719 1158
4720 1437
4721 1318
4722 1563
4723 1724
4724 1333
4725 1319
4726 1438
4727 1605
4728 1224
4729 1615
4730 1557
4731 1452
4732 1272
4733 1065
4734 1448
4735 1311
4736 1379
4737 1145
4738 1160
4739 1315
4740 1481
4741 1346
4742 1416
4743 1744
4744 1550
4745 1392
4746 1303
4747 1520
4748 1546
4749 1427
4750 1648
4751 1356
4752 1349
4753 1297
4754 1597
4755 1391
4756 1467
4757 1612
4758 1253
4759 1719
4760 1360
4761 1325
4762 1198
4763 1197
4764 1221
4765 1375
4766 1830
4767 1290
4768 1549
4769 1414
4770 1311
4771 1608
4772 1568
4773 1204
4774 1380
4775 1302
4776 1263
4777 1289
4778 1279
4779 1521
4780 1161
4781 1296
4782 1406
4783 1148
4784 1590
4785 1553
4786 1545
4787 1357
4788 1437
4789 1071
4790 1456
4791 1451
4792 1493
4793 1379
4794 1310
4795 1597
4796 1135
4797 1410
4798 1441
4799 1142
4800 1463
4801 1207
4802 1554
4803 1683
4804 1275
4805 1525
4806 1405
4807 1338
4808 1590
4809 1712
4810 1260
4811 1391
4812 1401
4813 1439
4814 1358
4815 1159
4816 1204
4817 1419
4818 1325
4819 1291
4820 1286
4821 1431
4822 1359
4823 1566
4824 1561
4825 1515
4826 1623
4827 1509
4828 1380
4829 1516
4830 1358
4831 1614
4832 1424
4833 1210
4834 1789
4835 1331
4836 1195
4837 1354
4838 1334
4839 1465
4840 1473
4841 1324
4842 1554
4843 1392
4844 1464
4845 1162
4846 1365
4847 1156
4848 1506
4849 1120
4850 1088
4851 1326
4852 1508
4853 1200
4854 1247
4855 1355
4856 1209
4857 1605
4858 1663
4859 1436
4860 1350
4861 1755
4862 1210
4863 1510
4864 1403
4865 1502
4866 1228
4867 1317
4868 1596
4869 1035
4870 1264
4871 1329
4872 1307
4873 1652
4874 1506
4875 1670
4876 1418
4877 1259
4878 1198
4879 1365
4880 1537
4881 1086
4882 1468
4883 1504
4884 1464
4885 1453
4886 1570
4887 1547
4888 1316
4889 1395
4890 1273
4891 1321
4892 1368
4893 1377
4894 1256
4895 1512
4896 1373
4897 1241
4898 1498
4899 1222
4900 1531
4901 1310
4902 1244
4903 1284
4904 1151
4905 1532
4906 1355
4907 1287
4908 1167
4909 1096
4910 1453
4911 1474
4912 1621
4913 1486
4914 1501
4915 1358
4916 1338
4917 1566
4918 1638
4919 1558
4920 1363
4921 1489
4922 1365
4923 1426
4924 1289
4925 1550
4926 1473
4927 1495
4928 1216
4929 1286
4930 1323
4931 1554
4932 1170
4933 1330
4934 1464
4935 1279
4936 1233
4937 1486
4938 1270
4939 1205
4940 1295
4941 1485
4942 1229
4943 1327
4944 1259
4945 1195
4946 1428
4947 1406
4948 1144
4949 1690
4950 1352
4951 1445
4952 1272
4953 1343
4954 1150
4955 1314
4956 1398
4957 1418
4958 1639
4959 1566
4960 1391
4961 1777
4962 1684
4963 1548
4964 1365
4965 1499
4966 1452
4967 1594
4968 1344
4969 1311
4970 1487
4971 1487
4972 1154
4973 1324
4974 1281
4975 1330
4976 1368
4977 1397
4978 1386
4979 1235
4980 1260
4981 974
4982 1492
4983 1234
4984 1272
4985 1499
4986 1529
4987 1498
4988 1135
4989 1539
4990 1480
4991 1476
4992 1241
4993 1261
4994 1322
4995 1337
4996 1343
4997 1336
4998 1405
4999 1397
5000 1528
5001 1436
5002 1364
5003 1337
5004 1427
5005 1163
5006 1501
5007 1582
5008 1598
5009 1120
5010 1428
5011 1610
5012 1407
5013 1287
5014 1084
5015 1441
5016 1527
5017 1161
5018 1511
5019 1532
5020 1320
5021 1287
5022 1067
5023 1491
5024 1357
5025 1399
5026 1379
5027 1695
5028 1138
5029 1449
5030 1141
5031 1481
5032 1695
5033 1361
5034 1325
5035 1132
5036 1139
5037 1422
5038 1216
5039 1248
5040 1454
5041 1744
5042 1171
5043 1411
5044 1273
5045 1335
5046 1316
5047 1144
5048 1285
5049 1664
5050 1261
5051 1575
5052 1149
5053 1587
5054 1480
5055 1621
5056 1428
5057 1306
5058 1357
5059 1453
5060 1373
5061 1393
5062 1417
5063 1440
5064 1305
5065 1307
5066 1451
5067 1329
5068 1093
5069 1493
5070 1745
5071 1431
5072 1212
5073 1501
5074 1554
5075 1318
5076 1143
5077 1290
5078 1370
5079 1339
5080 1400
5081 1424
5082 1430
5083 1411
5084 1560
5085 1179
5086 1680
5087 1299
5088 1233
5089 1035
5090 1407
5091 1227
5092 1394
5093 1192
5094 1141
5095 1366
5096 1468
5097 1350
5098 1189
5099 1062
5100 1828
5101 1580
5102 1278
5103 1620
5104 1195
5105 1564
5106 1630
5107 1470
5108 1511
5109 1175
5110 1341
5111 1650
5112 1192
5113 1512
5114 1461
5115 1463
5116 1314
5117 1385
5118 1551
5119 1611
5120 1135
5121 1287
5122 1450
5123 1569
5124 1331
5125 1299
5126 1292
5127 1502
5128 1457
5129 1279
5130 1305
5131 1144
5132 1088
5133 1433
5134 1229
5135 1172
5136 1247
5137 1400
5138 1144
5139 1291
5140 1166
5141 1328
5142 1490
5143 1492
5144 1189
5145 1470
5146 1414
5147 1463
5148 1281
5149 1528
5150 1403
5151 1216
5152 1408
5153 1411
5154 1305
5155 1378
5156 1581
5157 1411
5158 1326
5159 1220
5160 1471
5161 1303
5162 1254
5163 1251
5164 1333
5165 1523
5166 1319
5167 1281
5168 1315
5169 1439
5170 1445
5171 1035
5172 1385
5173 1329
5174 1253
5175 1591
5176 1477
5177 1618
5178 1401
5179 1550
5180 1190
5181 1986
5182 1759
5183 1534
5184 1010
5185 1374
5186 1259
5187 1373
5188 1384
5189 1315
5190 1255
5191 1334
5192 1170
5193 1665
5194 1438
5195 1342
5196 1501
5197 1574
5198 1393
5199 1316
5200 1437
5201 1311
5202 1480
5203 1153
5204 1533
5205 1314
5206 1300
5207 1573
5208 1085
5209 1768
5210 1367
5211 1280
5212 1364
5213 1476
5214 1143
5215 1364
5216 1525
5217 1261
5218 1372
5219 1271
5220 1058
5221 1402
5222 1185
5223 1600
5224 1525
5225 1468
5226 1439
5227 1332
5228 1362
5229 1249
5230 1366
5231 1677
5232 1296
5233 1463
5234 1129
5235 1332
5236 1422
5237 1354
5238 1185
5239 1328
5240 1288
5241 1378
5242 1210
5243 1810
5244 1516
5245 1254
5246 1248
5247 1420
5248 1289
5249 1329
5250 1080
5251 1474
5252 1332
5253 1424
5254 1027
5255 1527
5256 1416
5257 1716
5258 1380
5259 1034
5260 1459
5261 1502
5262 1734
5263 1071
5264 1501
5265 1403
5266 1380
5267 1278
5268 1344
5269 1134
5270 1445
5271 1748
5272 1253
5273 1342
5274 1435
5275 1181
5276 1362
5277 1534
5278 1128
5279 1392
5280 1136
5281 1543
5282 1148
5283 1409
5284 1213
5285 1696
5286 1419
5287 1217
5288 1438
5289 1280
5290 1297
5291 1705
5292 1505
5293 1251
5294 1459
5295 1405
5296 1212
5297 1216
5298 1369
5299 1190
5300 1885
5301 1518
5302 1773
5303 1453
5304 1391
5305 1582
5306 1488
5307 1297
5308 1272
5309 1508
5310 1577
5311 1300
5312 1403
5313 1391
5314 1440
5315 1183
5316 1431
5317 1329
5318 1072
5319 1231
5320 1618
5321 1292
5322 1251
5323 1493
5324 1534
5325 1234
5326 1315
5327 1409
5328 1419
5329 1546
5330 1247
5331 1318
5332 1465
5333 1619
5334 1173
5335 1114
5336 1273
5337 892
5338 1467
5339 1499
5340 1454
5341 1005
5342 1267
5343 1624
5344 1546
5345 1321
5346 1063
5347 1273
5348 1623
5349 1588
5350 1753
5351 1521
5352 1082
5353 1386
5354 1442
5355 1224
5356 1539
5357 1408
5358 1592
5359 1292
5360 1256
5361 1022
5362 1588
5363 1684
5364 1383
5365 1432
5366 1618
5367 1641
5368 1461
5369 1489
5370 1771
5371 1258
5372 1555
5373 1399
5374 1321
5375 1502
5376 1350
5377 1200
5378 1493
5379 1318
5380 1312
5381 1430
5382 1454
5383 1269
5384 1042
5385 1536
5386 1221
5387 1635
5388 1315
5389 1141
5390 1334
5391 1760
5392 1583
5393 1249
5394 1138
5395 1204
5396 1415
5397 1497
5398 1432
5399 1613
5400 1580
5401 1479
5402 1238
5403 1504
5404 1693
5405 1298
5406 1187
5407 1198
5408 1200
5409 1396
5410 1372
5411 1469
5412 1339
5413 1493
5414 1356
5415 1210
5416 1463
5417 1251
5418 1389
5419 1394
5420 1383
5421 1355
5422 1289
5423 1395
5424 1264
5425 1224
5426 1358
5427 1562
5428 1400
5429 1275
5430 1131
5431 1382
5432 1288
5433 1519
5434 1648
5435 1353
5436 1189
5437 1361
5438 1522
5439 1491
5440 1352
5441 1554
5442 1337
5443 1583
5444 1575
5445 1525
5446 1363
5447 1226
5448 1364
5449 1083
5450 1473
5451 1189
5452 1581
5453 1455
5454 1434
5455 1282
5456 1381
5457 1534
5458 1206
5459 1250
5460 1448
5461 1247
5462 1413
5463 1281
5464 1497
5465 1416
5466 1373
5467 1514
5468 1493
5469 1221
5470 1353
5471 1274
5472 1409
5473 1276
5474 1013
5475 1407
5476 1438
5477 1581
5478 1453
5479 1668
5480 1763
5481 1345
5482 1511
5483 1382
5484 1277
5485 1486
5486 1680
5487 1586
5488 1463
5489 1459
5490 1323
5491 1381
5492 1835
5493 1666
5494 1219
5495 973
5496 1616
5497 1325
5498 1177
5499 1250
5500 1533
5501 1311
5502 1342
5503 1275
5504 1607
5505 1539
5506 1248
5507 1433
5508 1350
5509 1552
5510 1370
5511 1134
5512 1392
5513 1498
5514 1258
5515 1200
5516 1291
5517 1084
5518 1580
5519 1589
5520 1263
5521 1279
5522 1501
5523 1396
5524 1536
5525 1074
5526 1815
5527 1369
5528 1179
5529 1595
5530 1714
5531 1342
5532 1617
5533 1329
5534 1343
5535 1688
5536 1601
5537 1540
5538 1294
5539 1258
5540 1125
5541 1482
5542 1642
5543 1405
5544 1471
5545 1704
5546 1200
5547 1262
5548 1346
5549 1462
5550 1268
5551 1419
5552 1485
5553 1362
5554 1612
5555 1344
5556 1623
5557 1345
5558 1444
5559 1666
5560 1738
5561 1387
5562 1390
5563 1104
5564 1512
5565 1300
5566 1535
5567 1582
5568 1460
5569 1411
5570 1456
5571 1484
5572 1394
5573 1252
5574 1263
5575 1381
5576 1304
5577 1562
5578 1520
5579 1217
5580 1511
5581 1435
5582 1524
5583 1227
5584 1069
5585 1259
5586 1386
5587 1291
5588 1382
5589 1364
5590 1184
5591 1501
5592 1586
5593 1225
5594 1214
5595 1476
5596 1375
5597 1330
5598 1768
5599 1329
5600 923
5601 1365
5602 1339
5603 1256
5604 1344
5605 1426
5606 1400
5607 1643
5608 1360
5609 1171
5610 1554
5611 1482
5612 1465
5613 1114
5614 1315
5615 1307
5616 1180
5617 1834
5618 1372
5619 1323
5620 1412
5621 1696
5622 1257
5623 1498
5624 1185
5625 1129
5626 1344
5627 1513
5628 1500
5629 1491
5630 1346
5631 1102
5632 1604
5633 1597
5634 1275
5635 1596
5636 1556
5637 1219
5638 1513
5639 1592
5640 1483
5641 1580
5642 1203
5643 1221
5644 1548
5645 1246
5646 1074
5647 1582
5648 1527
5649 1378
5650 1421
5651 1241
5652 1486
5653 1441
5654 1157
5655 1197
5656 1451
5657 1182
5658 1504
5659 1370
5660 1216
5661 1597
5662 1474
5663 1274
5664 1076
5665 1271
5666 1354
5667 1359
5668 1479
5669 1771
5670 1400
5671 1576
5672 1562
5673 1554
5674 1311
5675 1096
5676 1331
5677 1467
5678 1430
5679 1628
5680 1298
5681 1455
5682 1285
5683 1612
5684 1713
5685 1493
5686 1312
5687 1626
5688 1469
5689 1668
5690 1287
5691 1359
5692 1020
5693 1348
5694 1229
5695 1335
5696 1408
5697 1332
5698 1380
5699 1529
5700 1445
5701 1397
5702 1471
5703 1385
5704 1845
5705 1551
5706 1314
5707 1281
5708 1368
5709 1736
5710 1384
5711 1487
5712 1241
5713 1656
5714 1127
5715 1473
5716 1577
5717 1544
5718 1295
5719 1256
5720 1435
5721 1487
5722 1441
5723 1316
5724 1112
5725 1265
5726 1256
5727 1412
5728 1330
5729 1460
5730 1468
5731 1348
5732 1433
5733 1380
5734 1514
5735 1230
5736 1477
5737 1636
5738 1067
5739 1254
5740 1546
5741 905
5742 1448
5743 1474
5744 1526
5745 1137
5746 1615
5747 1145
5748 1430
5749 1604
5750 1414
5751 1352
5752 940
5753 1929
5754 1362
5755 1318
5756 1596
5757 1439
5758 1451
5759 1625
5760 1405
5761 1430
5762 1072
5763 1421
5764 1573
5765 1599
5766 1344
5767 1459
5768 1239
5769 1291
5770 1635
5771 1174
5772 1375
5773 1635
5774 1377
5775 1317
5776 1514
5777 1508
5778 1528
5779 1356
5780 1432
5781 1537
5782 1235
5783 1531
5784 1492
5785 1342
5786 1226
5787 1528
5788 1120
5789 1646
5790 1084
5791 1407
5792 1454
5793 1556
5794 1594
5795 1399
5796 1467
5797 1302
5798 1080
5799 1475
5800 1594
5801 1752
5802 1319
5803 1374
5804 1352
5805 1422
5806 1409
5807 1274
5808 1610
5809 1545
5810 1414
5811 1363
5812 1543
5813 1497
5814 1282
5815 1422
5816 1231
5817 1089
5818 1459
5819 1364
5820 1497
5821 1574
5822 1275
5823 1383
5824 1246
5825 1196
5826 1346
5827 1248
5828 1607
5829 1281
5830 1232
5831 1360
5832 1531
5833 1129
5834 1447
5835 1578
5836 1284
5837 1378
5838 1473
5839 1271
5840 1085
5841 1424
5842 1214
5843 1470
5844 1356
5845 1572
5846 1625
5847 1533
5848 1392
5849 1495
5850 1165
5851 1373
5852 1169
5853 1361
5854 1066
5855 1600
5856 1500
5857 1583
5858 1400
5859 1682
5860 1757
5861 1732
5862 1438
5863 1312
5864 1576
5865 1641
5866 1271
5867 1336
5868 1374
5869 1381
5870 1603
5871 1446
5872 1269
5873 1366
5874 1121
5875 1115
5876 1367
5877 1412
5878 1201
5879 1445
5880 1281
5881 1335
5882 1236
5883 1340
5884 1453
5885 1329
5886 1312
5887 1760
5888 1450
5889 1184
5890 1364
5891 1413
5892 1187
5893 1218
5894 1274
5895 1618
5896 1641
5897 1449
5898 1372
5899 1433
5900 1192
5901 1345
5902 1863
5903 1520
5904 1354
5905 1384
5906 1544
5907 1410
5908 1275
5909 1399
5910 1420
5911 1293
5912 1432
5913 1565
5914 1175
5915 1612
5916 1612
5917 1316
5918 1143
5919 1161
5920 1437
5921 1110
5922 1385
5923 1666
5924 1202
5925 1364
5926 1525
5927 1316
5928 1294
5929 1304
5930 1045
5931 1114
5932 1734
5933 1363
5934 1269
5935 1792
5936 1105
5937 1581
5938 1367
5939 1367
5940 1559
5941 1208
5942 1489
5943 1130
5944 1325
5945 1641
5946 1018
5947 1157
5948 1573
5949 1237
5950 1524
5951 1294
5952 1289
5953 1871
5954 1264
5955 1626
5956 1628
5957 1571
5958 1353
5959 1308
5960 1382
5961 1205
5962 1558
5963 1315
5964 1358
5965 1512
5966 1249
5967 1453
5968 1590
5969 1377
5970 1398
5971 1093
5972 1290
5973 1235
5974 997
5975 1732
5976 1297
5977 1373
5978 1187
5979 1255
5980 1240
5981 1473
5982 1217
5983 1306
5984 1286
5985 1331
5986 1373
5987 1686
5988 1461
5989 1500
5990 1375
5991 1312
5992 1495
5993 1283
5994 1195
5995 1376
5996 1487
5997 1307
5998 1300
5999 1286
6000 1422
6001 1338
6002 1383
6003 1474
6004 1346
6005 1397
6006 1472
6007 1585
6008 1456
6009 1747
6010 1461
6011 1325
6012 1121
6013 1321
6014 1563
6015 1311
6016 1640
6017 1446
6018 1846
6019 1467
6020 1720
6021 1425
6022 1200
6023 1559
6024 1146
6025 1401
6026 1560
6027 1395
6028 1435
6029 1638
6030 1305
6031 1483
6032 1313
6033 1521
6034 1363
6035 1378
6036 1446
6037 1183
6038 1403
6039 1208
6040 1171
6041 1432
6042 1349
6043 1552
6044 1302
6045 1686
6046 1165
6047 1420
6048 1470
6049 1346
6050 1346
6051 1289
6052 1700
6053 1171
6054 1377
6055 1349
6056 1188
6057 1422
6058 1605
6059 1464
6060 875
6061 1774
6062 1390
6063 1326
6064 1250
6065 1237
6066 1428
6067 1077
6068 1864
6069 1565
6070 1608
6071 1546
6072 1586
6073 1474
6074 1678
6075 1286
6076 1604
6077 1364
6078 1288
6079 1213
6080 1359
6081 1515
6082 1518
6083 1549
6084 1399
6085 1641
6086 1326
6087 1351
6088 1365
6089 1472
6090 1333
6091 1508
6092 1384
6093 1424
6094 1200
6095 1285
6096 1379
6097 1432
6098 1310
6099 985
6100 1106
6101 1024
6102 1243
6103 1410
6104 1461
6105 1374
6106 1343
6107 1428
6108 1453
6109 1468
6110 1716
6111 1523
6112 1400
6113 1201
6114 1390
6115 1569
6116 1329
6117 1388
6118 1234
6119 1358
6120 1047
6121 1643
6122 1443
6123 1702
6124 1149
6125 1616
6126 1519
6127 1261
6128 1595
6129 1709
6130 1060
6131 1409
6132 1361
6133 1169
6134 1444
6135 984
6136 1076
6137 1542
6138 1153
6139 1269
6140 1666
6141 1714
6142 1475
6143 1629
6144 1371
6145 1393
6146 1346
6147 1424
6148 1026
6149 1266
6150 1486
6151 1070
6152 1460
6153 1840
6154 1256
6155 1332
6156 1516
6157 1275
6158 1522
6159 1335
6160 1496
6161 1248
6162 1334
6163 1095
6164 1563
6165 1415
6166 1195
6167 1691
6168 1402
6169 1441
6170 1666
6171 1510
6172 1511
6173 1703
6174 1379
6175 1461
6176 1250
6177 1400
6178 1280
6179 1595
6180 1469
6181 1523
6182 1174
6183 1840
6184 1636
6185 1247
6186 1765
6187 1551
6188 1462
6189 1746
6190 1832
6191 1040
6192 1139
6193 946
6194 1170
6195 1189
6196 1163
6197 1131
6198 1150
6199 1454
6200 1652
6201 1424
6202 1335
6203 1522
6204 1374
6205 1195
6206 1274
6207 1704
6208 1542
6209 1226
6210 1365
6211 1215
6212 1383
6213 1560
6214 1285
6215 1461
6216 1379
6217 1634
6218 1609
6219 1485
6220 1269
6221 1200
6222 1565
6223 1409
6224 1290
6225 1432
6226 1251
6227 1423
6228 1363
6229 1388
6230 1307
6231 1545
6232 1392
6233 975
6234 1458
6235 1618
6236 1574
6237 1612
6238 1369
6239 1415
6240 1156
6241 1152
6242 1289
6243 1513
6244 1406
6245 1570
6246 1400
6247 927
6248 1595
6249 1463
6250 1574
6251 1528
6252 1342
6253 1396
6254 1422
6255 1502
6256 1694
6257 1507
6258 1595
6259 1260
6260 1363
6261 1495
6262 1465
6263 1382
6264 1499
6265 1302
6266 1240
6267 1519
6268 1277
6269 1631
6270 1179
6271 1354
6272 1640
6273 1241
6274 1838
6275 1524
6276 1192
6277 1316
6278 1276
6279 1404
6280 1552
6281 1304
6282 1300
6283 1818
6284 1379
6285 1600
6286 1431
6287 1400
6288 1409
6289 1313
6290 1477
6291 1296
6292 1277
6293 1312
6294 1528
6295 1246
6296 1218
6297 1301
6298 1127
6299 1406
6300 1397
6301 1460
6302 1785
6303 1361
6304 1487
6305 1478
6306 1323
6307 1466
6308 1236
6309 1374
6310 1648
6311 1230
6312 1323
6313 1675
6314 1800
6315 1245
6316 1272
6317 1507
6318 1346
6319 1254
6320 1387
6321 1556
6322 1469
6323 1461
6324 1588
6325 1415
6326 1306
6327 1042
6328 1382
6329 1298
6330 1138
6331 1610
6332 1208
6333 1499
6334 1164
6335 1572
6336 1420
6337 1410
6338 1428
6339 1256
6340 1135
6341 1749
6342 1588
6343 1482
6344 1478
6345 1434
6346 1484
6347 1302
6348 1306
6349 1739
6350 1570
6351 1081
6352 1155
6353 1648
6354 1575
6355 1603
6356 1427
6357 1277
6358 1325
6359 1356
6360 1386
6361 1493
6362 1578
6363 1293
6364 1300
6365 1090
6366 1492
6367 1519
6368 1277
6369 1508
6370 1161
6371 1414
6372 1571
6373 1549
6374 1876
6375 1200
6376 1366
6377 1348
6378 1360
6379 1351
6380 1067
6381 1408
6382 1433
6383 1548
6384 1354
6385 1301
6386 1254
6387 1399
6388 1186
6389 1468
6390 1632
6391 1482
6392 1428
6393 1554
6394 1264
6395 1519
6396 1068
6397 1402
6398 1334
6399 1390
6400 1505
6401 1481
6402 1253
6403 1337
6404 1701
6405 1418
6406 1569
6407 1217
6408 1265
6409 1529
6410 1467
6411 1235
6412 1422
6413 1294
6414 1309
6415 1151
6416 1267
6417 1372
6418 1217
6419 1284
6420 1566
6421 1755
6422 1163
6423 1387
6424 1241
6425 1207
6426 1531
6427 1297
6428 1207
6429 1534
6430 1552
6431 1649
6432 1287
6433 1334
6434 1554
6435 1420
6436 1304
6437 1359
6438 1599
6439 1562
6440 1369
6441 1262
6442 1095
6443 1107
6444 1312
6445 1423
6446 1336
6447 1253
6448 1220
6449 1257
6450 1800
6451 1351
6452 1588
6453 1378
6454 2027
6455 1273
6456 1191
6457 1370
6458 1403
6459 1473
6460 1423
6461 1616
6462 1273
6463 1254
6464 1363
6465 1693
6466 951
6467 1303
6468 1347
6469 1313
6470 1223
6471 1780
6472 1487
6473 1177
6474 1103
6475 1307
6476 1389
6477 1981
6478 1323
6479 1693
6480 1208
6481 1521
6482 1110
6483 1560
6484 1286
6485 1669
6486 1608
6487 1194
6488 1292
6489 1134
6490 1578
6491 1494
6492 1512
6493 1158
6494 1262
6495 1341
6496 1365
6497 1260
6498 1484
6499 1266
6500 1381
6501 1461
6502 1356
6503 1070
6504 1311
6505 1444
6506 1542
6507 1508
6508 1270
6509 1489
6510 1622
6511 1080
6512 1514
6513 1244
6514 1174
6515 1361
6516 1392
6517 1409
6518 1323
6519 1659
6520 1046
6521 988
6522 1372
6523 1043
6524 1448
6525 1139
6526 1825
6527 1571
6528 1660
6529 1285
6530 1587
6531 1354
6532 1492
6533 1832
6534 1786
6535 1307
6536 1406
6537 1393
6538 1564
6539 1598
6540 1218
6541 1343
6542 1469
6543 1700
6544 1100
6545 1264
6546 1413
6547 1501
6548 1516
6549 1468
6550 1378
6551 1183
6552 1465
6553 1387
6554 1403
6555 1500
6556 1540
6557 1286
6558 1184
6559 1177
6560 1310
6561 1378
6562 1510
6563 1358
6564 1328
6565 1318
6566 1094
6567 1577
6568 1602
6569 1620
6570 1471
6571 1349
6572 1570
6573 1478
6574 1230
6575 1601
6576 1636
6577 1688
6578 1451
6579 1507
6580 1232
6581 984
6582 1305
6583 1247
6584 1243
6585 1524
6586 1336
6587 1262
6588 1300
6589 1506
6590 1746
6591 1649
6592 1512
6593 1141
6594 1307
6595 1635
6596 1333
6597 1504
6598 1420
6599 1780
6600 1641
6601 1203
6602 1441
6603 1096
6604 1553
6605 1615
6606 1371
6607 1720
6608 1008
6609 1353
6610 1140
6611 1451
6612 1224
6613 1474
6614 1260
6615 1693
6616 1323
6617 1351
6618 1338
6619 1506
6620 1246
6621 1261
6622 1426
6623 1322
6624 1113
6625 1417
6626 1214
6627 1526
6628 1161
6629 1511
6630 1292
6631 1205
6632 1149
6633 1371
6634 1384
6635 1595
6636 1516
6637 1188
6638 1427
6639 1063
6640 1474
6641 1117
6642 1565
6643 1088
6644 1394
6645 1433
6646 1358
6647 1168
6648 1362
6649 1219
6650 1532
6651 1485
6652 1285
6653 1315
6654 1282
6655 1370
6656 1259
6657 1530
6658 1260
6659 1371
6660 1329
6661 1172
6662 1348
6663 1612
6664 1259
6665 1410
6666 1434
6667 1312
6668 1430
6669 1112
6670 1521
6671 1502
6672 1236
6673 1205
6674 1505
6675 1410
6676 1451
6677 1492
6678 1190
6679 1287
6680 1551
6681 1677
6682 1153
6683 1697
6684 1382
6685 1412
6686 1311
6687 1189
6688 1457
6689 1727
6690 1653
6691 1661
6692 1589
6693 1481
6694 1329
6695 1439
6696 1388
6697 1453
6698 1503
6699 1202
6700 1441
6701 1637
6702 1628
6703 1457
6704 1480
6705 1436
6706 1508
6707 1185
6708 1439
6709 1405
6710 1340
6711 1431
6712 1529
6713 1650
6714 1469
6715 1319
6716 1298
6717 1386
6718 1309
6719 1406
6720 1111
6721 1367
6722 1237
6723 1244
6724 1520
6725 1404
6726 1125
6727 1406
6728 1215
6729 1223
6730 1673
6731 1331
6732 1105
6733 1327
6734 1503
6735 1661
6736 1497
6737 1189
6738 1327
6739 1440
6740 1577
6741 1460
6742 1501
6743 1480
6744 1239
6745 1434
6746 1537
6747 1415
6748 1432
6749 1281
6750 1452
6751 1229
6752 1201
6753 1500
6754 1541
6755 1591
6756 1271
6757 1276
6758 1382
6759 1352
6760 1520
6761 1623
6762 1332
6763 1515
6764 1394
6765 1334
6766 1274
6767 1349
6768 1319
6769 1431
6770 1381
6771 1638
6772 1639
6773 1301
6774 1384
6775 1561
6776 1368
6777 1374
6778 1254
6779 1503
6780 1687
6781 1398
6782 1381
6783 1471
6784 1332
6785 1714
6786 1444
6787 1397
6788 1332
6789 1348
6790 1216
6791 1579
6792 1451
6793 1087
6794 1377
6795 1603
6796 1328
6797 1220
6798 1572
6799 1587
6800 1564
6801 1250
6802 1495
6803 1447
6804 1308
6805 1396
6806 1324
6807 1297
6808 1320
6809 1061
6810 1357
6811 984
6812 1583
6813 1157
6814 1607
6815 1610
6816 1393
6817 1545
6818 1368
6819 1314
6820 1641
6821 1376
6822 1163
6823 1541
6824 1343
6825 1192
6826 1349
6827 1139
6828 1174
6829 1149
6830 1462
6831 1648
6832 1688
6833 1340
6834 1409
6835 1322
6836 985
6837 1506
6838 1277
6839 1473
6840 1466
6841 1494
6842 1231
6843 1409
6844 1507
6845 1411
6846 1749
6847 1277
6848 1239
6849 1459
6850 1119
6851 1348
6852 1268
6853 1680
6854 1337
6855 1347
6856 1083
6857 1395
6858 1285
6859 1228
6860 1391
6861 1315
6862 1207
6863 1448
6864 1409
6865 1703
6866 1190
6867 1350
6868 1316
6869 1717
6870 1401
6871 1681
6872 1503
6873 1610
6874 1330
6875 1114
6876 1275
6877 1659
6878 1532
6879 1586
6880 1233
6881 1187
6882 1221
6883 1398
6884 1416
6885 1727
6886 1225
6887 1552
6888 1398
6889 1526
6890 1749
6891 1646
6892 1264
6893 1359
6894 1424
6895 1394
6896 1317
6897 1283
6898 1608
6899 1544
6900 1546
6901 1566
6902 1047
6903 1279
6904 1499
6905 1115
6906 1295
6907 1281
6908 1236
6909 1485
6910 1541
6911 1580
6912 1436
6913 1480
6914 1366
6915 1452
6916 1212
6917 1090
6918 1380
6919 1400
6920 1327
6921 1573
6922 1482
6923 1239
6924 1254
6925 1349
6926 1667
6927 1486
6928 1015
6929 1433
6930 1440
6931 1246
6932 1726
6933 1424
6934 1292
6935 1389
6936 1761
6937 1411
6938 1410
6939 1377
6940 1488
6941 1382
6942 1236
6943 1427
6944 1592
6945 1215
6946 1159
6947 1367
6948 1383
6949 1175
6950 1508
6951 1614
6952 1403
6953 1331
6954 1768
6955 1468
6956 1178
6957 1405
6958 1198
6959 1376
6960 1383
6961 1286
6962 1433
6963 1549
6964 1467
6965 1548
6966 1324
6967 1430
6968 1531
6969 1031
6970 1327
6971 1463
6972 1387
6973 1596
6974 1564
6975 1369
6976 1613
6977 1513
6978 1474
6979 919
6980 1148
6981 1487
6982 1297
6983 1525
6984 1779
6985 1680
6986 1309
6987 1401
6988 1360
6989 970
6990 1335
6991 1364
6992 1157
6993 1729
6994 1229
6995 1671
6996 1387
6997 1103
6998 1337
6999 1485
7000 1419
7001 1352
7002 1580
7003 1477
7004 1355
7005 1007
7006 1521
7007 1440
7008 1549
7009 1397
7010 1435
7011 1679
7012 1317
7013 1188
7014 1658
7015 1458
7016 1337
7017 1131
7018 1525
7019 1461
7020 1322
7021 1334
7022 1535
7023 1168
7024 1104
7025 1163
7026 1543
7027 1659
7028 1242
7029 1200
7030 1447
7031 1128
7032 1725
7033 1026
7034 1590
7035 1360
7036 1272
7037 1471
7038 1635
7039 1735
7040 1424
7041 1191
7042 1540
7043 1074
7044 1555
7045 1341
7046 1468
7047 1444
7048 1495
7049 1245
7050 1245
7051 1169
7052 1559
7053 1280
7054 1237
7055 974
7056 1281
7057 1488
7058 1462
7059 1484
7060 1441
7061 1475
7062 1562
7063 1395
7064 1475
7065 1073
7066 1510
7067 1403
7068 1666
7069 1483
7070 1408
7071 1152
7072 1408
7073 1459
7074 1575
7075 1314
7076 1731
7077 1129
7078 1487
7079 1256
7080 1353
7081 1159
7082 1223
7083 1545
7084 1467
7085 1484
7086 1190
7087 1276
7088 1673
7089 1039
7090 1309
7091 1582
7092 1409
7093 1511
7094 1504
7095 1470
7096 1236
7097 1451
7098 1559
7099 1391
7100 1322
7101 1747
7102 1347
7103 1407
7104 1172
7105 1472
7106 1237
7107 1294
7108 1414
7109 1537
7110 1355
7111 1140
7112 1254
7113 1572
7114 1191
7115 1386
7116 1431
7117 1423
7118 1107
7119 1216
7120 1096
7121 1485
7122 1464
7123 1492
7124 1329
7125 1354
7126 1282
7127 1410
7128 1150
7129 1337
7130 1132
7131 1286
7132 1425
7133 1274
7134 1387
7135 1441
7136 1180
7137 1242
7138 1510
7139 1374
7140 1592
7141 1495
7142 1556
7143 1414
7144 1315
7145 1569
7146 1277
7147 1496
7148 1408
7149 1174
7150 1622
7151 1357
7152 1507
7153 1534
7154 1431
7155 1236
7156 1214
7157 1443
7158 1300
7159 1634
7160 1461
7161 1323
7162 1405
7163 1195
7164 1260
7165 1203
7166 1492
7167 1381
7168 1452
7169 1597
7170 1324
7171 1354
7172 1141
7173 1473
7174 1482
7175 1729
7176 1669
7177 1426
7178 1546
7179 1375
7180 1488
7181 1257
7182 1499
7183 1408
7184 1281
7185 1237
7186 1252
7187 1601
7188 1597
7189 1312
7190 1492
7191 1503
7192 1529
7193 1382
7194 1093
7195 1420
7196 1479
7197 1378
7198 1384
7199 1162
7200 1337
7201 1386
7202 1239
7203 1219
7204 1412
7205 1363
7206 1668
7207 1405
7208 1515
7209 1278
7210 1141
7211 1299
7212 1514
7213 1328
7214 1345
7215 1513
7216 1250
7217 1375
7218 1572
7219 1765
7220 1372
7221 1307
7222 1734
7223 1377
7224 1604
7225 1295
7226 1178
7227 1763
7228 1281
7229 1278
7230 1571
7231 1583
7232 1487
7233 1440
7234 1373
7235 1106
7236 1547
7237 1237
7238 1230
7239 1240
7240 1281
7241 1477
7242 1528
7243 1460
7244 1470
7245 1526
7246 1552
7247 1239
7248 1028
7249 1514
7250 1312
7251 1948
7252 1434
7253 1544
7254 1286
7255 1273
7256 1114
7257 1631
7258 1354
7259 1143
7260 1306
7261 1357
7262 1462
7263 1602
7264 1209
7265 1323
7266 1324
7267 1325
7268 1349
7269 1516
7270 1456
7271 1232
7272 1314
7273 1477
7274 1448
7275 1373
7276 1312
7277 1367
7278 1457
7279 1303
7280 1385
7281 1517
7282 1397
7283 1366
7284 1406
7285 1092
7286 1292
7287 1310
7288 1634
7289 1300
7290 1309
7291 1461
7292 1587
7293 1468
7294 1366
7295 1267
7296 1285
7297 1457
7298 1285
7299 1594
7300 1564
7301 1293
7302 1493
7303 1151
7304 1652
7305 1356
7306 1297
7307 1286
7308 1472
7309 1542
7310 1348
7311 1389
7312 1442
7313 1134
7314 1516
7315 1325
7316 1261
7317 1353
7318 1415
7319 1400
7320 1076
7321 1437
7322 1363
7323 1533
7324 1545
7325 1270
7326 1209
7327 1247
7328 1501
7329 1031
7330 1103
7331 1349
7332 1863
7333 1439
7334 1623
7335 1497
7336 1374
7337 1168
7338 1375
7339 1107
7340 1446
7341 1392
7342 1289
7343 1083
7344 1535
7345 1322
7346 1391
7347 1421
7348 1670
7349 1161
7350 1205
7351 1252
7352 1010
7353 1421
7354 1230
7355 1361
7356 1328
7357 1898
7358 1114
7359 1380
7360 1942
7361 1430
7362 1317
7363 1391
7364 1216
7365 1121
7366 1597
7367 1418
7368 1348
7369 1343
7370 1501
7371 1042
7372 1559
7373 1315
7374 1410
7375 1248
7376 1439
7377 1112
7378 1735
7379 1621
7380 1467
7381 1659
7382 1523
7383 1346
7384 1592
7385 1141
7386 1169
7387 1664
7388 1393
7389 1337
7390 1657
7391 1258
7392 1382
7393 1219
7394 1236
7395 1451
7396 1525
7397 1447
7398 1803
7399 1213
7400 1674
7401 1404
7402 1674
7403 1261
7404 1275
7405 1403
7406 1531
7407 1412
7408 1638
7409 1146
7410 1396
7411 1357
7412 1247
7413 1436
7414 1232
7415 1217
7416 1311
7417 1590
7418 1712
7419 1540
7420 1181
7421 1216
7422 1316
7423 1168
7424 1535
7425 1449
7426 1405
7427 1339
7428 1472
7429 1555
7430 1084
7431 1302
7432 1468
7433 1375
7434 1604
7435 1192
7436 1459
7437 1226
7438 1691
7439 1278
7440 1261
7441 1374
7442 1388
7443 1224
7444 1319
7445 1235
7446 1195
7447 1433
7448 1292
7449 1486
7450 1137
7451 1226
7452 1394
7453 1394
7454 1405
7455 1304
7456 1171
7457 1610
7458 1442
7459 1336
7460 1326
7461 1596
7462 1379
7463 1644
7464 1717
7465 1384
7466 1672
7467 1293
7468 1209
7469 1380
7470 1484
7471 1474
7472 1357
7473 1576
7474 1513
7475 1298
7476 1168
7477 1585
7478 1236
7479 1514
7480 1613
7481 1675
7482 1314
7483 1533
7484 1325
7485 1603
7486 1673
7487 1437
7488 1366
7489 1623
7490 1325
7491 1241
7492 1398
7493 1438
7494 1535
7495 1292
7496 1268
7497 1516
7498 1538
7499 1387
7500 1581
7501 1408
7502 1153
7503 1269
7504 1466
7505 1715
7506 1165
7507 1417
7508 1387
7509 1338
7510 1861
7511 1421
7512 1074
7513 1285
7514 1436
7515 1313
7516 1372
7517 1230
7518 1380
7519 1409
7520 1433
7521 1482
7522 1565
7523 1012
7524 1324
7525 1311
7526 1302
7527 1366
7528 1621
7529 1394
7530 1483
7531 1374
7532 1201
7533 1416
7534 1711
7535 1368
7536 1306
7537 1265
7538 1348
7539 1651
7540 1645
7541 1443
7542 1352
7543 1360
7544 1564
7545 1262
7546 1346
7547 1116
7548 1358
7549 1443
7550 1205
7551 1630
7552 1512
7553 1280
7554 1416
7555 1343
7556 1255
7557 1039
7558 1300
7559 1566
7560 1186
7561 1276
7562 1213
7563 1427
7564 1108
7565 1350
7566 1151
7567 1244
7568 1277
7569 1443
7570 1717
7571 1020
7572 1434
7573 1342
7574 1691
7575 1392
7576 1421
7577 1523
7578 1574
7579 1626
7580 1701
7581 1696
7582 1399
7583 1412
7584 1500
7585 1467
7586 1304
7587 1313
7588 1363
7589 1298
7590 1361
7591 1494
7592 1451
7593 1468
7594 1281
7595 1569
7596 1284
7597 1387
7598 1524
7599 1354
7600 1442
7601 1482
7602 1284
7603 1453
7604 1433
7605 1366
7606 1334
7607 1376
7608 1327
7609 1220
7610 1513
7611 1389
7612 1286
7613 1292
7614 1416
7615 1292
7616 1431
7617 1185
7618 1279
7619 1775
7620 1504
7621 1259
7622 1411
7623 1291
7624 1584
7625 1315
7626 1329
7627 1523
7628 1246
7629 1326
7630 1681
7631 1317
7632 1470
7633 1469
7634 1301
7635 1214
7636 1349
7637 1283
7638 1255
7639 1014
7640 1306
7641 1546
7642 1249
7643 1239
7644 1395
7645 1656
7646 1096
7647 1342
7648 1265
7649 1147
7650 1230
7651 1325
7652 1200
7653 1280
7654 1424
7655 1398
7656 1270
7657 1285
7658 1300
7659 1353
7660 1422
7661 1493
7662 1199
7663 1709
7664 1120
7665 1383
7666 1377
7667 1339
7668 1414
7669 1604
7670 1513
7671 1229
7672 1425
7673 1263
7674 1440
7675 1291
7676 1174
7677 1309
7678 1210
7679 1369
7680 1266
7681 1196
7682 1413
7683 1231
7684 1468
7685 1400
7686 1669
7687 1345
7688 1656
7689 1361
7690 1540
7691 1627
7692 1425
7693 1176
7694 1363
7695 1369
7696 1309
7697 1344
7698 1325
7699 1419
7700 1235
7701 1300
7702 1534
7703 1086
7704 1533
7705 1430
7706 1458
7707 1503
7708 1445
7709 1674
7710 1135
7711 1486
7712 1695
7713 1685
7714 1438
7715 1418
7716 1368
7717 1468
7718 1411
7719 1469
7720 1143
7721 1642
7722 1398
7723 1064
7724 1472
7725 1439
7726 1519
7727 1231
7728 1490
7729 1350
7730 1424
7731 1414
7732 1405
7733 1667
7734 1504
7735 1353
7736 1074
7737 1529
7738 1384
7739 1390
7740 1258
7741 1102
7742 1327
7743 1544
7744 1413
7745 1580
7746 1390
7747 1413
7748 1497
7749 1367
7750 1549
7751 1203
7752 1332
7753 1570
7754 1488
7755 1727
7756 1963
7757 1384
7758 1382
7759 1296
7760 1486
7761 1303
7762 1353
7763 1394
7764 1416
7765 1109
7766 1551
7767 1411
7768 1180
7769 1331
7770 1511
7771 1549
7772 1311
7773 1506
7774 1289
7775 1164
7776 1610
7777 921
7778 1463
7779 1295
7780 982
7781 1352
7782 1303
7783 1117
7784 1543
7785 1727
7786 1293
7787 1343
7788 1408
7789 1347
7790 1226
7791 1515
7792 1564
7793 1243
7794 1323
7795 1263
7796 1213
7797 1632
7798 1293
7799 1444
7800 1440
7801 1407
7802 1296
7803 1345
7804 1399
7805 1411
7806 1223
7807 1226
7808 1334
7809 1372
7810 1399
7811 1382
7812 1336
7813 1253
7814 1164
7815 1257
7816 1503
7817 1320
7818 1426
7819 1325
7820 1400
7821 1280
7822 1597
7823 1556
7824 1356
7825 1099
7826 1302
7827 1209
7828 1122
7829 1425
7830 1196
7831 1465
7832 1386
7833 1362
7834 1362
7835 1466
7836 1549
7837 1231
7838 1346
7839 1200
7840 1385
7841 1604
7842 1682
7843 969
7844 1211
7845 1422
7846 1409
7847 1541
7848 1508
7849 1239
7850 1476
7851 1131
7852 1409
7853 1383
7854 1642
7855 1699
7856 1466
7857 1571
7858 1434
7859 1384
7860 1792
7861 1281
7862 1281
7863 1459
7864 1368
7865 1386
7866 1094
7867 1727
7868 1521
7869 1273
7870 1425
7871 1258
7872 1530
7873 1543
7874 1446
7875 1275
7876 1307
7877 1397
7878 1348
7879 1382
7880 1183
7881 1389
7882 1142
7883 1086
7884 1527
7885 1554
7886 1514
7887 1394
7888 1490
7889 1150
7890 1624
7891 1722
7892 1659
7893 1314
7894 1429
7895 1692
7896 1357
7897 1246
7898 1341
7899 1670
7900 1441
7901 1194
7902 1545
7903 1393
7904 1627
7905 1432
7906 1426
7907 1452
7908 1395
7909 1522
7910 1471
7911 1453
7912 1294
7913 1227
7914 1218
7915 1481
7916 1782
7917 1364
7918 1391
7919 1338
7920 1492
7921 1247
7922 1525
7923 1460
7924 1558
7925 1670
7926 1312
7927 1206
7928 1288
7929 1529
7930 1208
7931 1510
7932 1243
7933 1295
7934 1299
7935 1576
7936 1429
7937 1675
7938 1367
7939 1611
7940 1502
7941 1351
7942 1204
7943 1557
7944 1409
7945 1365
7946 1359
7947 1546
7948 1342
7949 1337
7950 1343
7951 1345
7952 1629
7953 1704
7954 1193
7955 1386
7956 1411
7957 1507
7958 1323
7959 1234
7960 1410
7961 1232
7962 1494
7963 1383
7964 1378
7965 1385
7966 1415
7967 1199
7968 1409
7969 1193
7970 967
7971 1266
7972 1308
7973 1271
7974 1373
7975 1147
7976 1497
7977 1252
7978 1154
7979 1476
7980 1520
7981 1492
7982 1264
7983 1296
7984 1076
7985 1330
7986 1357
7987 1501
7988 1728
7989 1204
7990 1470
7991 1323
7992 1433
7993 1508
7994 1296
7995 934
7996 996
7997 1399
7998 1635
7999 1224
8000 1350
8001 1575
8002 1722
8003 1139
8004 1277
8005 1218
8006 1211
8007 1341
8008 1486
8009 1133
8010 1584
8011 1439
8012 1372
8013 1128
8014 1296
8015 1622
8016 1305
8017 1406
8018 1338
8019 1206
8020 1428
8021 1348
8022 1680
8023 1523
8024 1409
8025 1213
8026 1450
8027 1473
8028 1174
8029 1261
8030 1308
8031 1561
8032 1295
8033 1419
8034 1453
8035 1636
8036 1583
8037 1214
8038 1399
8039 1178
8040 1546
8041 1798
8042 1538
8043 1200
8044 1581
8045 1246
8046 1328
8047 1643
8048 1238
8049 1262
8050 1506
8051 1676
8052 1214
8053 1363
8054 1305
8055 1479
8056 1293
8057 1325
8058 1474
8059 1303
8060 1116
8061 1579
8062 1355
8063 1666
8064 1438
8065 1435
8066 1824
8067 1141
8068 1475
8069 1368
8070 1463
8071 1280
8072 1401
8073 1298
8074 1623
8075 1402
8076 1351
8077 1483
8078 1520
8079 1343
8080 1367
8081 1384
8082 1516
8083 1230
8084 1189
8085 1245
8086 1401
8087 1356
8088 1372
8089 1345
8090 1385
8091 1904
8092 1492
8093 1436
8094 1451
8095 1216
8096 1599
8097 1246
8098 1440
8099 1467
8100 1554
8101 1605
8102 1169
8103 1349
8104 1272
8105 1597
8106 1352
8107 1677
8108 1417
8109 1690
8110 1651
8111 1655
8112 1294
8113 1141
8114 1163
8115 1733
8116 1597
8117 1434
8118 1450
8119 1757
8120 1487
8121 1522
8122 1204
8123 1530
8124 1506
8125 1565
8126 1292
8127 1449
8128 1415
8129 1341
8130 1734
8131 1416
8132 1549
8133 1506
8134 1349
8135 1540
8136 1401
8137 1593
8138 1745
8139 1321
8140 1312
8141 1368
8142 1360
8143 1162
8144 1272
8145 1470
8146 1464
8147 1548
8148 1392
8149 1144
8150 1199
8151 1287
8152 1287
8153 1464
8154 1420
8155 1115
8156 1426
8157 1160
8158 1511
8159 1379
8160 1556
8161 1420
8162 1293
8163 1259
8164 1955
8165 1466
8166 1650
8167 1305
8168 1403
8169 1067
8170 1460
8171 1311
8172 1610
8173 1304
8174 1452
8175 1222
8176 1436
8177 1329
8178 1297
8179 1437
8180 1442
8181 1571
8182 1501
8183 1443
8184 1388
8185 1209
8186 1686
8187 1128
8188 1548
8189 1333
8190 1579
8191 1535
8192 1525
8193 1637
8194 1488
8195 1369
8196 1528
8197 1424
8198 1274
8199 1371
8200 1406
8201 1542
8202 1456
8203 1407
8204 1478
8205 1696
8206 1604
8207 1395
8208 1234
8209 1432
8210 1356
8211 1739
8212 1221
8213 1437
8214 1695
8215 1512
8216 1320
8217 1428
8218 1692
8219 1399
8220 1440
8221 1551
8222 1397
8223 1435
8224 1481
8225 1588
8226 1439
8227 1332
8228 1257
8229 1508
8230 1393
8231 1508
8232 1298
8233 1320
8234 1635
8235 1147
8236 1469
8237 1120
8238 1220
8239 1671
8240 1502
8241 1285
8242 1305
8243 1311
8244 1350
8245 1351
8246 1840
8247 1440
8248 1743
8249 1139
8250 1277
8251 1461
8252 1567
8253 1339
8254 1485
8255 1539
8256 1334
8257 1483
8258 1481
8259 1652
8260 1500
8261 1376
8262 1224
8263 1548
8264 1181
8265 1182
8266 1444
8267 1344
8268 1654
8269 1432
8270 1337
8271 1183
8272 1644
8273 1347
8274 1233
8275 1231
8276 1281
8277 1274
8278 1708
8279 1319
8280 1355
8281 1205
8282 1478
8283 1476
8284 1477
8285 1351
8286 1525
8287 1348
8288 1237
8289 1165
8290 1563
8291 1328
8292 1175
8293 1424
8294 1413
8295 1520
8296 1233
8297 1380
8298 1235
8299 1359
8300 1357
8301 1538
8302 1503
8303 1633
8304 1592
8305 1410
8306 1501
8307 1438
8308 1463
8309 1259
8310 1415
8311 1690
8312 1317
8313 1405
8314 1049
8315 1232
8316 1630
8317 1171
8318 1431
8319 1317
8320 1217
8321 1172
8322 1611
8323 1768
8324 1203
8325 1061
8326 1475
8327 1576
8328 1371
8329 1649
8330 1523
8331 1646
8332 1258
8333 1505
8334 1223
8335 1418
8336 1339
8337 1308
8338 1568
8339 1120
8340 1360
8341 1212
8342 1202
8343 1509
8344 1421
8345 1390
8346 1477
8347 1234
8348 1163
8349 1324
8350 1461
8351 1126
8352 1145
8353 1313
8354 1495
8355 1155
8356 1325
8357 1220
8358 1344
8359 1587
8360 1318
8361 1348
8362 1090
8363 1298
8364 1459
8365 1699
8366 1418
8367 1223
8368 1126
8369 985
8370 1488
8371 1212
8372 1445
8373 1398
8374 1388
8375 1182
8376 1484
8377 1430
8378 1361
8379 1233
8380 1567
8381 1656
8382 1445
8383 1436
8384 1140
8385 1303
8386 1338
8387 1382
8388 1690
8389 1442
8390 1240
8391 1360
8392 1179
8393 1375
8394 1299
8395 1320
8396 1676
8397 1311
8398 1072
8399 1531
8400 1329
8401 1430
8402 1359
8403 1236
8404 1165
8405 1412
8406 1413
8407 1437
8408 1743
8409 1823
8410 1909
8411 1460
8412 1280
8413 1696
8414 1630
8415 1270
8416 1342
8417 1118
8418 1349
8419 1234
8420 1302
8421 1456
8422 1004
8423 1382
8424 1170
8425 1312
8426 1413
8427 1538
8428 1491
8429 1479
8430 1427
8431 1485
8432 1095
8433 1469
8434 1304
8435 1626
8436 1376
8437 1213
8438 1343
8439 1270
8440 1194
8441 1207
8442 1176
8443 1248
8444 1157
8445 1277
8446 1474
8447 1482
8448 1660
8449 1246
8450 1522
8451 1081
8452 1435
8453 1217
8454 1435
8455 1516
8456 1016
8457 1141
8458 1284
8459 1523
8460 1637
8461 1230
8462 1648
8463 1533
8464 1761
8465 1081
8466 1188
8467 1380
8468 1725
8469 1191
8470 1308
8471 1586
8472 1458
8473 1382
8474 1224
8475 1480
8476 1502
8477 1622
8478 1656
8479 1329
8480 1280
8481 1457
8482 1395
8483 1357
8484 1317
8485 1370
8486 1625
8487 1597
8488 1390
8489 1252
8490 1432
8491 1304
8492 1421
8493 1437
8494 1475
8495 1785
8496 1671
8497 1510
8498 1526
8499 1551
8500 1396
8501 1283
8502 1407
8503 1527
8504 1302
8505 1123
8506 1681
8507 1392
8508 1556
8509 1436
8510 1371
8511 1719
8512 1019
8513 1480
8514 1434
8515 1624
8516 1118
8517 1541
8518 1209
8519 1513
8520 1225
8521 1545
8522 1519
8523 1351
8524 1425
8525 1390
8526 1517
8527 1493
8528 1482
8529 1313
8530 1325
8531 1092
8532 1313
8533 1585
8534 1705
8535 1192
8536 1410
8537 1464
8538 1692
8539 1104
8540 1460
8541 1330
8542 1626
8543 1519
8544 1219
8545 1422
8546 1500
8547 1585
8548 1229
8549 1448
8550 1162
8551 1461
8552 1392
8553 1318
8554 1243
8555 1147
8556 1178
8557 1868
8558 1251
8559 1496
8560 1322
8561 1632
8562 1422
8563 1762
8564 1208
8565 1751
8566 1390
8567 1161
8568 1341
8569 1473
8570 1286
8571 1362
8572 1408
8573 1325
8574 1441
8575 1341
8576 1606
8577 1711
8578 1634
8579 1486
8580 1348
8581 1704
8582 1368
8583 1303
8584 1488
8585 1292
8586 1086
8587 1549
8588 1415
8589 1367
8590 1384
8591 1185
8592 1425
8593 1307
8594 1587
8595 1400
8596 1316
8597 1343
8598 1524
8599 1469
8600 1111
8601 1344
8602 1373
8603 1324
8604 1596
8605 1270
8606 1272
8607 1384
8608 1058
8609 1373
8610 1565
8611 1145
8612 1182
8613 1335
8614 1552
8615 1543
8616 1502
8617 1261
8618 1605
8619 1263
8620 1529
8621 1288
8622 1245
8623 1439
8624 1387
8625 1429
8626 1302
8627 1767
8628 1182
8629 1434
8630 1236
8631 1602
8632 1259
8633 1280
8634 1322
8635 1363
8636 1403
8637 1177
8638 1365
8639 1492
8640 1275
8641 1169
8642 1400
8643 1381
8644 1131
8645 1248
8646 1560
8647 1425
8648 1362
8649 1536
8650 1594
8651 1477
8652 1366
8653 1447
8654 1556
8655 1516
8656 1354
8657 1402
8658 945
8659 1297
8660 1898
8661 1159
8662 1343
8663 1560
8664 1274
8665 1286
8666 1128
8667 1553
8668 1235
8669 1527
8670 1304
8671 1473
8672 1313
8673 1239
8674 1453
8675 1593
8676 1150
8677 1285
8678 1560
8679 1252
8680 1545
8681 1471
8682 1445
8683 1418
8684 1325
8685 1349
8686 1468
8687 1596
8688 1384
8689 1546
8690 1487
8691 1184
8692 1344
8693 1276
8694 1315
8695 1135
8696 1538
8697 1579
8698 978
8699 1313
8700 1227
8701 1575
8702 1291
8703 1435
8704 1114
8705 1312
8706 1509
8707 1381
8708 1297
8709 1274
8710 1518
8711 1451
8712 1645
8713 1453
8714 1533
8715 1800
8716 1687
8717 1197
8718 1637
8719 1215
8720 1587
8721 1384
8722 1522
8723 1392
8724 1513
8725 1493
8726 1185
8727 1573
8728 1568
8729 1301
8730 1734
8731 1262
8732 1132
8733 1571
8734 1169
8735 1305
8736 1408
8737 1268
8738 1323
8739 1295
8740 1390
8741 1477
8742 1380
8743 1315
8744 1679
8745 1339
8746 1152
8747 1655
8748 994
8749 1497
8750 1308
8751 1348
8752 1417
8753 1499
8754 1423
8755 1359
8756 1345
8757 1346
8758 1731
8759 1668
8760 1538
8761 1354
8762 1458
8763 789
8764 1379
8765 1381
8766 1167
8767 1847
8768 1578
8769 1431
8770 1336
8771 1640
8772 1428
8773 1330
8774 1443
8775 1232
8776 984
8777 1429
8778 1670
8779 1407
8780 1188
8781 1520
8782 1437
8783 1285
8784 1579
8785 1242
8786 1356
8787 1288
8788 1426
8789 1583
8790 1280
8791 1316
8792 1250
8793 1179
8794 1283
8795 1320
8796 1315
8797 1214
8798 1155
8799 1577
8800 1540
8801 1209
8802 1243
8803 1141
8804 1447
8805 1681
8806 1426
8807 1482
8808 1343
8809 1484
8810 1184
8811 1538
8812 1388
8813 1636
8814 1389
8815 1491
8816 1015
8817 1244
8818 1468
8819 1402
8820 1239
8821 1383
8822 952
8823 1602
8824 1882
8825 1523
8826 1575
8827 1155
8828 1063
8829 1570
8830 1439
8831 1469
8832 1289
8833 1543
8834 1457
8835 1528
8836 1199
8837 1455
8838 1132
8839 1543
8840 1151
8841 1341
8842 1269
8843 1043
8844 1293
8845 1508
8846 1477
8847 1678
8848 1264
8849 1686
8850 1625
8851 1454
8852 1714
8853 1246
8854 1270
8855 1159
8856 1042
8857 1339
8858 1426
8859 1393
8860 1350
8861 1281
8862 1515
8863 1650
8864 1167
8865 1452
8866 1282
8867 1333
8868 1185
8869 1325
8870 1406
8871 1515
8872 1172
8873 1403
8874 1331
8875 1032
8876 1536
8877 1299
8878 1306
8879 1551
8880 1294
8881 1512
8882 1389
8883 1254
8884 1543
8885 1318
8886 1233
8887 1247
8888 1152
8889 1614
8890 1530
8891 1623
8892 1248
8893 1344
8894 1495
8895 1314
8896 1261
8897 1392
8898 1613
8899 1110
8900 1507
8901 1256
8902 1382
8903 1516
8904 1406
8905 1212
8906 1246
8907 1388
8908 1567
8909 1269
8910 1370
8911 1471
8912 1442
8913 1649
8914 1006
8915 1465
8916 1443
8917 1597
8918 1241
8919 1514
8920 1059
8921 1612
8922 1331
8923 1280
8924 1488
8925 1390
8926 1309
8927 1388
8928 1132
8929 1365
8930 1384
8931 1414
8932 1413
8933 1093
8934 1577
8935 1399
8936 1546
8937 1603
8938 1671
8939 1246
8940 1676
8941 1226
8942 1500
8943 1444
8944 1094
8945 1333
8946 1210
8947 1260
8948 1409
8949 1478
8950 1728
8951 1418
8952 1342
8953 1277
8954 1253
8955 1308
8956 1452
8957 1567
8958 1425
8959 1974
8960 1232
8961 1452
8962 1285
8963 1528
8964 1228
8965 1123
8966 1108
8967 1452
8968 1207
8969 1256
8970 1095
8971 1448
8972 1377
8973 1245
8974 1377
8975 1062
8976 1121
8977 1255
8978 1239
8979 1341
8980 1569
8981 1256
8982 1207
8983 1454
8984 1311
8985 1360
8986 1220
8987 1558
8988 1426
8989 1760
8990 1793
8991 1117
8992 1443
8993 1771
8994 1426
8995 1391
8996 1082
8997 1204
8998 1591
8999 1517
9000 1506
9001 1167
9002 1410
9003 1576
9004 1608
9005 1556
9006 1360
9007 1515
9008 1294
9009 1408
9010 1350
9011 1395
9012 1289
9013 1370
9014 1276
9015 1243
9016 1279
9017 1774
9018 1437
9019 1455
9020 1330
9021 1444
9022 1605
9023 1205
9024 1407
9025 1605
9026 1626
9027 1403
9028 1672
9029 1311
9030 1652
9031 1116
9032 1525
9033 1669
9034 1186
9035 1316
9036 1468
9037 1500
9038 1493
9039 997
9040 1434
9041 1119
9042 1474
9043 1480
9044 1120
9045 1415
9046 1326
9047 1489
9048 1531
9049 1490
9050 1582
9051 1393
9052 1136
9053 1417
9054 1477
9055 1429
9056 1596
9057 1623
9058 1273
9059 1399
9060 1259
9061 1620
9062 1169
9063 1481
9064 1508
9065 1206
9066 1077
9067 1435
9068 1655
9069 1480
9070 1162
9071 1352
9072 1505
9073 1474
9074 1314
9075 1499
9076 1511
9077 1356
9078 1803
9079 1426
9080 1335
9081 1546
9082 1658
9083 1267
9084 1139
9085 1571
9086 1646
9087 1373
9088 1654
9089 1391
9090 1692
9091 1186
9092 1386
9093 1752
9094 1328
9095 1479
9096 1634
9097 1233
9098 1574
9099 1200
9100 1503
9101 1521
9102 1551
9103 1448
9104 1389
9105 1673
9106 1256
9107 1566
9108 1280
9109 1164
9110 1494
9111 1473
9112 1306
9113 1288
9114 1695
9115 1191
9116 1356
9117 1139
9118 1326
9119 1464
9120 1338
9121 1397
9122 1443
9123 1264
9124 1454
9125 1389
9126 1287
9127 1520
9128 1333
9129 1466
9130 1654
9131 1473
9132 1247
9133 1473
9134 1107
9135 1673
9136 1224
9137 1636
9138 1491
9139 1320
9140 1395
9141 1263
9142 1640
9143 1690
9144 1594
9145 1465
9146 1437
9147 1565
9148 1300
9149 1251
9150 1449
9151 1277
9152 1387
9153 1167
9154 1242
9155 1317
9156 1378
9157 1458
9158 1352
9159 1235
9160 1087
9161 1521
9162 1413
9163 1423
9164 1322
9165 1587
9166 1612
9167 1466
9168 1280
9169 1304
9170 1301
9171 1216
9172 1278
9173 1094
9174 1172
9175 1184
9176 1164
9177 1246
9178 1631
9179 1360
9180 1377
9181 1147
9182 1405
9183 1322
9184 1304
9185 1566
9186 1341
9187 1698
9188 1781
9189 1439
9190 1529
9191 1123
9192 1489
9193 1761
9194 1473
9195 1463
9196 1364
9197 1417
9198 1273
9199 1464
9200 1721
9201 1356
9202 1149
9203 1376
9204 1312
9205 1383
9206 1234
9207 1176
9208 1668
9209 1947
9210 1456
9211 1468
9212 1428
9213 1228
9214 1149
9215 1296
9216 1176
9217 1548
9218 1348
9219 1533
9220 1341
9221 1394
9222 1386
9223 1006
9224 1555
9225 1434
9226 1739
9227 1367
9228 1566
9229 1347
9230 1183
9231 1146
9232 1389
9233 1065
9234 1574
9235 1185
9236 1026
9237 1230
9238 1323
9239 1414
9240 1379
9241 1081
9242 1277
9243 1364
9244 1265
9245 1526
9246 1658
9247 1428
9248 1344
9249 1156
9250 1555
9251 1253
9252 1148
9253 1483
9254 1485
9255 1268
9256 1325
9257 1670
9258 1498
9259 1157
9260 1459
9261 1512
9262 1405
9263 1481
9264 1346
9265 1252
9266 1432
9267 1407
9268 1474
9269 1349
9270 1302
9271 1686
9272 1388
9273 1162
9274 1486
9275 1206
9276 1477
9277 1145
9278 1385
9279 1431
9280 1640
9281 1264
9282 1208
9283 1662
9284 1320
9285 1577
9286 1474
9287 1262
9288 1442
9289 1264
9290 1500
9291 1421
9292 1268
9293 1619
9294 1560
9295 1607
9296 1344
9297 1370
9298 1483
9299 1234
9300 1085
9301 1391
9302 1278
9303 1685
9304 1593
9305 1360
9306 1289
9307 1223
9308 1345
9309 1140
9310 1223
9311 1199
9312 1629
9313 1231
9314 1345
9315 1259
9316 1093
9317 1398
9318 1383
9319 1339
9320 1233
9321 1517
9322 1344
9323 1343
9324 1383
9325 1577
9326 1295
9327 1192
9328 1417
9329 1653
9330 1416
9331 1531
9332 1258
9333 1590
9334 1504
9335 1415
9336 1412
9337 1112
9338 1708
9339 1480
9340 1404
9341 1482
9342 1319
9343 1646
9344 1169
9345 1198
9346 1230
9347 1269
9348 1526
9349 1501
9350 1476
9351 1324
9352 1489
9353 1255
9354 1503
9355 1566
9356 1252
9357 1112
9358 1235
9359 1540
9360 1078
9361 1455
9362 1845
9363 1056
9364 1148
9365 1448
9366 1445
9367 1607
9368 1242
9369 1386
9370 1494
9371 1224
9372 1298
9373 1446
9374 1130
9375 1588
9376 1499
9377 1405
9378 1330
9379 1478
9380 923
9381 1591
9382 1176
9383 1233
9384 1412
9385 1347
9386 1746
9387 1180
9388 1530
9389 1570
9390 1156
9391 1385
9392 1387
9393 1393
9394 1128
9395 1249
9396 1185
9397 1396
9398 1521
9399 1524
9400 1486
9401 1182
9402 1452
9403 1817
9404 1332
9405 1183
9406 1417
9407 1231
9408 1476
9409 1491
9410 1639
9411 1817
9412 1671
9413 1367
9414 1360
9415 1760
9416 890
9417 1882
9418 1438
9419 1311
9420 1311
9421 1672
9422 1331
9423 1609
9424 1381
9425 1368
9426 1109
9427 1484
9428 1465
9429 1537
9430 1340
9431 1392
9432 1365
9433 1475
9434 1674
9435 1518
9436 1334
9437 1447
9438 1369
9439 1503
9440 1378
9441 1311
9442 1548
9443 1511
9444 1344
9445 1578
9446 1525
9447 1385
9448 1367
9449 986
9450 1213
9451 1460
9452 1280
9453 1461
9454 1474
9455 1566
9456 1578
9457 1323
9458 973
9459 1312
9460 1395
9461 1506
9462 1235
9463 1299
9464 1601
9465 1242
9466 1532
9467 1147
9468 1170
9469 1165
9470 1699
9471 1335
9472 1288
9473 1323
9474 979
9475 1438
9476 1326
9477 1233
9478 1544
9479 1511
9480 1751
9481 1524
9482 1487
9483 1251
9484 1309
9485 1367
9486 1123
9487 1427
9488 1222
9489 1588
9490 1219
9491 1648
9492 1570
9493 1648
9494 1658
9495 1751
9496 1381
9497 1110
9498 1695
9499 1750
9500 1216
9501 1472
9502 1289
9503 1468
9504 1812
9505 1420
9506 1510
9507 1338
9508 1247
9509 1544
9510 1684
9511 1488
9512 1564
9513 1479
9514 1303
9515 1270
9516 1789
9517 1461
9518 985
9519 1194
9520 1259
9521 1552
9522 1431
9523 1168
9524 1369
9525 1179
9526 1444
9527 1547
9528 1134
9529 1644
9530 1235
9531 1576
9532 1244
9533 1478
9534 1081
9535 1598
9536 1438
9537 1487
9538 1179
9539 1700
9540 1271
9541 1731
9542 1302
9543 1386
9544 1259
9545 1758
9546 1390
9547 1770
9548 1186
9549 1575
9550 1251
9551 1352
9552 1488
9553 1400
9554 1389
9555 1741
9556 1562
9557 1569
9558 1307
9559 1384
9560 1538
9561 1305
9562 1342
9563 1282
9564 1753
9565 1681
9566 1411
9567 1447
9568 1439
9569 1555
9570 1443
9571 1313
9572 1133
9573 1252
9574 1352
9575 1142
9576 1605
9577 1284
9578 1511
9579 1295
9580 1332
9581 1138
9582 1623
9583 1517
9584 1595
9585 1349
9586 1704
9587 1596
9588 1391
9589 1115
9590 1360
9591 1596
9592 1571
9593 1325
9594 1468
9595 1193
9596 1182
9597 1514
9598 1429
9599 1564
9600 1288
9601 1545
9602 1482
9603 1621
9604 1524
9605 1457
9606 1503
9607 1464
9608 1304
9609 1146
9610 1305
9611 1035
9612 1306
9613 1392
9614 1198
9615 1657
9616 1308
9617 1254
9618 1450
9619 1147
9620 1293
9621 1260
9622 1352
9623 1052
9624 1469
9625 1415
9626 1649
9627 1284
9628 1325
9629 1479
9630 1092
9631 1491
9632 1725
9633 1374
9634 1380
9635 1209
9636 1190
9637 1406
9638 1342
9639 1468
9640 1794
9641 1525
9642 1242
9643 1417
9644 1416
9645 1232
9646 1171
9647 1471
9648 1324
9649 1555
9650 1358
9651 1231
9652 1220
9653 1693
9654 1365
9655 1412
9656 1495
9657 1512
9658 1253
9659 1333
9660 1507
9661 1352
9662 1184
9663 1270
9664 1590
9665 1507
9666 1603
9667 1278
9668 1419
9669 1318
9670 1366
9671 1425
9672 1568
9673 1196
9674 1611
9675 1584
9676 1565
9677 1158
9678 1540
9679 1460
9680 1151
9681 1396
9682 1474
9683 1321
9684 1301
9685 1211
9686 1431
9687 1551
9688 1295
9689 1636
9690 1154
9691 1539
9692 1566
9693 1516
9694 1244
9695 1287
9696 1301
9697 1604
9698 1426
9699 1225
9700 1008
9701 1236
9702 1385
9703 1495
9704 906
9705 1344
9706 1225
9707 1286
9708 1334
9709 1301
9710 1626
9711 1430
9712 1515
9713 1262
9714 1559
9715 1296
9716 1433
9717 1349
9718 1451
9719 1450
9720 1157
9721 1275
9722 1235
9723 1338
9724 1235
9725 1408
9726 1588
9727 1115
9728 1255
9729 1424
9730 1511
9731 1537
9732 1384
9733 1500
9734 971
9735 1355
9736 1492
9737 975
9738 1378
9739 1154
9740 1366
9741 1419
9742 1541
9743 1402
9744 1530
9745 1378
9746 1341
9747 1121
9748 1352
9749 1421
9750 1599
9751 1202
9752 1464
9753 1303
9754 1594
9755 1343
9756 1354
9757 1520
9758 1367
9759 1093
9760 1399
9761 1308
9762 1221
9763 1619
9764 1374
9765 1413
9766 1180
9767 1343
9768 1232
9769 1453
9770 1300
9771 1429
9772 1214
9773 1416
9774 1489
9775 1604
9776 1135
9777 1112
9778 1010
9779 1350
9780 1219
9781 1077
9782 1364
9783 1481
9784 1255
9785 1407
9786 1386
9787 1790
9788 1350
9789 1306
9790 1398
9791 1411
9792 1543
9793 1454
9794 1269
9795 1465
9796 1580
9797 1730
9798 1421
9799 1429
9800 1328
9801 1523
9802 1231
9803 1631
9804 791
9805 1540
9806 1549
9807 1445
9808 1821
9809 1329
9810 1509
9811 1403
9812 1583
9813 1531
9814 1414
9815 1096
9816 1646
9817 1393
9818 1527
9819 1365
9820 1454
9821 1226
9822 1712
9823 1266
9824 1276
9825 1152
9826 1205
9827 1858
9828 1696
9829 1538
9830 1344
9831 1434
9832 1299
9833 1535
9834 1472
9835 1377
9836 1415
9837 1251
9838 1437
9839 1432
9840 1296
9841 1467
9842 1545
9843 1314
9844 1555
9845 1503
9846 1371
9847 1386
9848 1280
9849 1455
9850 1613
9851 1624
9852 1180
9853 1025
9854 1363
9855 1018
9856 1226
9857 1340
9858 1438
9859 1337
9860 1364
9861 1250
9862 1632
9863 1504
9864 1640
9865 1356
9866 1324
9867 1397
9868 1664
9869 1194
9870 1358
9871 1372
9872 1459
9873 1356
9874 1266
9875 1414
9876 1295
9877 1541
9878 1408
9879 1325
9880 1371
9881 1421
9882 1246
9883 1623
9884 1735
9885 1531
9886 1272
9887 1271
9888 1284
9889 1744
9890 1430
9891 1328
9892 1207
9893 1877
9894 1275
9895 1513
9896 1466
9897 1546
9898 1165
9899 1535
9900 1563
9901 1482
9902 1127
9903 1807
9904 1422
9905 1225
9906 1672
9907 1438
9908 1408
9909 1677
9910 1529
9911 1062
9912 1268
9913 1689
9914 1522
9915 1418
9916 1369
9917 1635
9918 1348
9919 1369
9920 1047
9921 1299
9922 1094
9923 1442
9924 1180
9925 1310
9926 1417
9927 1371
9928 1527
9929 1520
9930 1343
9931 1593
9932 1244
9933 1498
9934 1360
9935 1576
9936 1377
9937 1249
9938 1431
9939 1266
9940 1260
9941 1182
9942 1506
9943 1491
9944 1412
9945 1317
9946 1460
9947 1118
9948 1387
9949 1396
9950 1679
9951 1589
9952 1247
9953 1350
9954 1507
9955 1084
9956 1047
9957 1461
9958 1512
9959 1639
9960 1445
9961 1411
9962 1365
9963 1537
9964 1743
9965 1463
9966 1418
9967 1821
9968 1462
9969 1513
9970 1367
9971 1542
9972 1525
9973 1371
9974 1336
9975 1455
9976 1635
9977 1261
9978 1565
9979 1306
9980 1615
9981 1153
9982 1505
9983 1217
9984 1266
9985 1280
9986 1365
9987 1464
9988 1633
9989 1580
9990 1160
9991 1512
9992 1666
9993 1261
9994 1228
9995 1524
9996 1248
9997 1283
9998 1380
9999 1270
