12
89
84
2
77
9
84
96
41
8
64
27
73
97
78
25
48
57
64
33
99
97
16
75
4
92
99
47
93
64
94
57
29
20
3
74
92
33
77
1
68
96
85
86
79
42
91
20
73
77
93
93
63
4
38
34
53
25
83
97
1
36
10
58
26
38
37
92
6
39
99
91
34
5
97
75
27
90
82
30
85
22
36
12
36
63
50
23
41
39
54
32
11
29
96
48
69
22
94
76
86
4
89
4
34
36
8
77
51
96
67
42
84
58
99
53
10
34
37
88
83
96
83
97
75
53
1
57
50
68
9
86
79
70
19
27
99
90
94
12
27
41
16
91
76
81
43
42
77
70
76
41
24
82
96
47
75
91
21
55
47
58
42
12
32
10
8
42
94
50
86
12
50
91
12
49
8
9
84
2
41
54
24
38
3
97
73
21
5
65
2
92
96
48
83
52
37
88
39
30
21
41
68
97
3
3
99
23
67
64
64
32
92
34
54
61
2
72
61
19
63
1
18
53
39
3
1
92
69
58
67
73
52
36
20
27
23
63
14
89
67
86
3
69
70
8
55
40
68
74
76
69
42
50
46
34
72
94
60
1
67
72
27
6
83
3
4
49
33
21
42
85
61
23
85
64
21
91
2
34
49
29
47
12
52
86
17
55
48
21
30
21
7
13
63
17
6
68
89
63
50
21
67
83
91
89
9
97
52
2
64
17
55
58
76
62
85
85
22
64
88
5
58
32
84
77
27
84
67
41
29
94
62
70
41
2
50
36
72
91
85
39
80
93
85
36
45
67
65
19
37
47
38
55
23
12
34
42
93
50
46
55
27
23
63
36
64
84
35
84
96
41
53
69
75
60
2
7
68
16
83
75
73
72
22
25
68
96
3
76
75
50
63
20
70
20
23
23
88
89
62
99
23
8
9
69
27
9
58
82
83
29
22
42
92
78
33
9
1
99
21
57
2
85
20
65
51
67
53
39
92
82
92
