10000
497396
0 73
1 25
2 22
3 98
4 95
5 63
6 79
7 9
8 97
9 58
10 56
11 81
12 61
13 5
14 99
15 42
16 54
17 77
18 82
19 67
20 36
21 77
22 31
23 35
24 18
25 46
26 62
27 6
28 31
29 45
30 39
31 5
32 22
33 61
34 3
35 69
36 76
37 83
38 78
39 74
40 93
41 86
42 55
43 54
44 92
45 7
46 48
47 98
48 84
49 30
50 65
51 72
52 8
53 97
54 8
55 78
56 43
57 70
58 85
59 27
60 67
61 24
62 32
63 90
64 37
65 35
66 11
67 13
68 70
69 90
70 87
71 15
72 28
73 43
74 21
75 72
76 2
77 69
78 70
79 38
80 52
81 36
82 11
83 60
84 33
85 71
86 38
87 28
88 93
89 75
90 55
91 60
92 99
93 39
94 2
95 88
96 75
97 14
98 2
99 97
100 56
101 41
102 13
103 84
104 36
105 34
106 9
107 38
108 56
109 79
110 77
111 8
112 15
113 40
114 20
115 0
116 11
117 10
118 81
119 56
120 86
121 88
122 16
123 37
124 28
125 71
126 26
127 3
128 37
129 28
130 52
131 93
132 21
133 65
134 29
135 58
136 0
137 38
138 96
139 56
140 70
141 25
142 16
143 85
144 17
145 36
146 38
147 80
148 46
149 19
150 36
151 32
152 7
153 5
154 70
155 35
156 76
157 96
158 90
159 65
160 76
161 43
162 10
163 97
164 60
165 39
166 55
167 12
168 30
169 4
170 20
171 52
172 81
173 36
174 37
175 99
176 72
177 27
178 79
179 19
180 46
181 16
182 51
183 6
184 21
185 73
186 93
187 49
188 69
189 84
190 14
191 97
192 79
193 24
194 95
195 91
196 15
197 2
198 4
199 97
200 6
201 24
202 49
203 88
204 13
205 39
206 39
207 85
208 66
209 18
210 56
211 65
212 86
213 60
214 71
215 59
216 33
217 64
218 8
219 55
220 0
221 74
222 52
223 31
224 50
225 99
226 23
227 18
228 54
229 79
230 67
231 60
232 55
233 69
234 0
235 68
236 60
237 39
238 6
239 78
240 10
241 62
242 43
243 96
244 22
245 66
246 56
247 8
248 83
249 16
250 63
251 83
252 43
253 67
254 67
255 45
256 19
257 42
258 15
259 73
260 73
261 83
262 85
263 28
264 4
265 86
266 49
267 64
268 77
269 55
270 94
271 87
272 69
273 38
274 36
275 44
276 56
277 92
278 52
279 39
280 60
281 67
282 75
283 3
284 34
285 42
286 1
287 53
288 36
289 16
290 78
291 9
292 51
293 64
294 37
295 7
296 50
297 38
298 23
299 79
300 93
301 18
302 67
303 15
304 8
305 55
306 59
307 64
308 47
309 11
310 4
311 59
312 30
313 31
314 15
315 64
316 25
317 16
318 70
319 61
320 84
321 48
322 70
323 36
324 64
325 59
326 43
327 66
328 98
329 67
330 46
331 43
332 37
333 65
334 58
335 45
336 20
337 69
338 61
339 19
340 80
341 17
342 78
343 10
344 48
345 93
346 27
347 73
348 61
349 49
350 34
351 46
352 49
353 56
354 34
355 14
356 68
357 29
358 80
359 18
360 48
361 26
362 61
363 85
364 43
365 72
366 30
367 63
368 41
369 92
370 34
371 74
372 9
373 13
374 36
375 10
376 58
377 15
378 83
379 20
380 64
381 70
382 18
383 14
384 78
385 4
386 80
387 46
388 33
389 60
390 64
391 82
392 39
393 78
394 67
395 34
396 2
397 50
398 98
399 43
400 94
401 84
402 69
403 55
404 97
405 58
406 65
407 8
408 73
409 49
410 80
411 38
412 71
413 98
414 4
415 49
416 2
417 36
418 48
419 87
420 48
421 12
422 69
423 39
424 42
425 89
426 74
427 44
428 39
429 24
430 40
431 85
432 8
433 61
434 40
435 58
436 19
437 6
438 66
439 93
440 7
441 46
442 83
443 78
444 44
445 39
446 79
447 98
448 75
449 27
450 85
451 23
452 40
453 7
454 63
455 34
456 96
457 89
458 79
459 87
460 13
461 71
462 72
463 21
464 32
465 12
466 31
467 52
468 18
469 97
470 97
471 25
472 43
473 80
474 55
475 39
476 19
477 35
478 89
479 46
480 62
481 27
482 21
483 54
484 34
485 84
486 41
487 30
488 25
489 72
490 69
491 38
492 43
493 41
494 12
495 27
496 53
497 43
498 79
499 24
500 93
501 28
502 1
503 36
504 8
505 57
506 28
507 79
508 44
509 17
510 25
511 58
512 44
513 47
514 65
515 30
516 83
517 6
518 12
519 9
520 78
521 81
522 99
523 73
524 22
525 63
526 0
527 76
528 59
529 32
530 52
531 52
532 60
533 53
534 40
535 69
536 62
537 68
538 0
539 6
540 38
541 26
542 17
543 82
544 25
545 82
546 65
547 60
548 40
549 77
550 21
551 70
552 59
553 73
554 43
555 81
556 36
557 43
558 9
559 95
560 75
561 61
562 47
563 36
564 15
565 40
566 57
567 29
568 8
569 57
570 36
571 46
572 35
573 5
574 81
575 12
576 87
577 46
578 73
579 79
580 23
581 94
582 49
583 34
584 67
585 92
586 16
587 56
588 87
589 25
590 3
591 63
592 39
593 3
594 51
595 6
596 43
597 60
598 35
599 51
600 69
601 23
602 50
603 57
604 28
605 31
606 69
607 67
608 29
609 94
610 46
611 4
612 41
613 95
614 39
615 60
616 39
617 55
618 16
619 27
620 32
621 20
622 42
623 71
624 23
625 45
626 29
627 66
628 57
629 65
630 69
631 26
632 88
633 19
634 83
635 69
636 2
637 5
638 36
639 31
640 99
641 35
642 36
643 40
644 82
645 27
646 1
647 22
648 34
649 69
650 1
651 66
652 41
653 95
654 90
655 16
656 40
657 19
658 82
659 97
660 36
661 4
662 75
663 25
664 23
665 11
666 46
667 78
668 16
669 82
670 9
671 67
672 69
673 97
674 60
675 52
676 76
677 13
678 26
679 10
680 82
681 79
682 77
683 76
684 74
685 19
686 92
687 66
688 90
689 27
690 15
691 27
692 31
693 90
694 4
695 6
696 53
697 50
698 84
699 21
700 84
701 46
702 89
703 54
704 95
705 1
706 58
707 72
708 14
709 36
710 82
711 48
712 67
713 11
714 24
715 41
716 30
717 17
718 59
719 21
720 44
721 74
722 48
723 27
724 16
725 4
726 33
727 70
728 54
729 70
730 43
731 38
732 16
733 84
734 44
735 63
736 85
737 54
738 35
739 99
740 90
741 70
742 48
743 9
744 81
745 24
746 2
747 64
748 41
749 61
750 37
751 85
752 87
753 37
754 12
755 4
756 41
757 98
758 26
759 95
760 68
761 69
762 85
763 36
764 54
765 30
766 51
767 91
768 84
769 39
770 91
771 27
772 9
773 91
774 36
775 42
776 15
777 39
778 6
779 57
780 52
781 95
782 94
783 40
784 32
785 59
786 96
787 73
788 9
789 22
790 68
791 29
792 43
793 6
794 17
795 49
796 36
797 68
798 41
799 72
800 7
801 84
802 99
803 16
804 27
805 88
806 11
807 42
808 79
809 69
810 51
811 31
812 65
813 98
814 23
815 97
816 9
817 19
818 71
819 18
820 93
821 91
822 47
823 37
824 97
825 16
826 38
827 85
828 84
829 31
830 58
831 92
832 67
833 9
834 60
835 94
836 49
837 71
838 37
839 28
840 41
841 40
842 12
843 6
844 90
845 35
846 55
847 99
848 55
849 26
850 69
851 0
852 70
853 68
854 37
855 19
856 84
857 28
858 5
859 69
860 59
861 15
862 61
863 79
864 76
865 73
866 73
867 26
868 45
869 62
870 6
871 38
872 3
873 18
874 96
875 45
876 6
877 51
878 45
879 13
880 30
881 14
882 13
883 0
884 83
885 3
886 71
887 19
888 31
889 76
890 88
891 42
892 43
893 1
894 21
895 20
896 75
897 47
898 46
899 72
900 9
901 4
902 62
903 64
904 75
905 58
906 10
907 81
908 61
909 55
910 46
911 91
912 21
913 59
914 43
915 56
916 14
917 15
918 76
919 97
920 43
921 16
922 92
923 39
924 18
925 13
926 59
927 45
928 60
929 57
930 69
931 22
932 61
933 31
934 86
935 36
936 41
937 48
938 69
939 54
940 55
941 15
942 46
943 77
944 27
945 41
946 85
947 41
948 8
949 61
950 39
951 4
952 30
953 31
954 43
955 48
956 96
957 2
958 45
959 9
960 59
961 14
962 83
963 72
964 97
965 69
966 9
967 90
968 18
969 78
970 44
971 73
972 46
973 42
974 2
975 73
976 84
977 88
978 14
979 44
980 1
981 5
982 48
983 31
984 88
985 43
986 31
987 85
988 97
989 28
990 46
991 56
992 42
993 29
994 81
995 91
996 50
997 90
998 81
999 20
1000 20
1001 26
1002 46
1003 66
1004 68
1005 48
1006 91
1007 4
1008 88
1009 6
1010 49
1011 42
1012 63
1013 49
1014 25
1015 52
1016 93
1017 9
1018 89
1019 90
1020 37
1021 35
1022 99
1023 80
1024 16
1025 80
1026 71
1027 66
1028 22
1029 5
1030 87
1031 94
1032 31
1033 33
1034 61
1035 51
1036 33
1037 52
1038 56
1039 22
1040 10
1041 5
1042 16
1043 26
1044 6
1045 41
1046 78
1047 99
1048 50
1049 67
1050 42
1051 40
1052 54
1053 93
1054 72
1055 70
1056 73
1057 95
1058 36
1059 47
1060 0
1061 75
1062 41
1063 31
1064 8
1065 54
1066 83
1067 42
1068 59
1069 91
1070 16
1071 21
1072 96
1073 32
1074 47
1075 54
1076 25
1077 77
1078 54
1079 28
1080 96
1081 48
1082 68
1083 50
1084 41
1085 40
1086 72
1087 66
1088 35
1089 61
1090 65
1091 88
1092 36
1093 6
1094 19
1095 97
1096 13
1097 54
1098 91
1099 24
1100 45
1101 7
1102 45
1103 93
1104 91
1105 45
1106 48
1107 68
1108 22
1109 54
1110 48
1111 19
1112 54
1113 16
1114 69
1115 47
1116 8
1117 94
1118 13
1119 96
1120 55
1121 78
1122 84
1123 43
1124 36
1125 55
1126 40
1127 1
1128 62
1129 31
1130 25
1131 59
1132 90
1133 71
1134 5
1135 33
1136 16
1137 53
1138 2
1139 90
1140 59
1141 50
1142 9
1143 13
1144 19
1145 31
1146 60
1147 79
1148 25
1149 25
1150 75
1151 32
1152 55
1153 11
1154 75
1155 43
1156 19
1157 68
1158 45
1159 81
1160 99
1161 70
1162 40
1163 42
1164 93
1165 97
1166 75
1167 61
1168 50
1169 29
1170 52
1171 61
1172 80
1173 61
1174 26
1175 99
1176 44
1177 38
1178 78
1179 69
1180 15
1181 6
1182 1
1183 70
1184 17
1185 29
1186 14
1187 36
1188 97
1189 11
1190 69
1191 48
1192 81
1193 62
1194 90
1195 27
1196 59
1197 18
1198 88
1199 62
1200 47
1201 92
1202 23
1203 27
1204 6
1205 2
1206 78
1207 50
1208 40
1209 9
1210 20
1211 56
1212 67
1213 73
1214 78
1215 84
1216 2
1217 44
1218 73
1219 51
1220 55
1221 94
1222 0
1223 89
1224 56
1225 42
1226 16
1227 68
1228 60
1229 56
1230 30
1231 8
1232 49
1233 53
1234 87
1235 55
1236 7
1237 66
1238 57
1239 48
1240 27
1241 77
1242 56
1243 94
1244 3
1245 34
1246 30
1247 5
1248 79
1249 55
1250 57
1251 34
1252 50
1253 9
1254 75
1255 58
1256 51
1257 91
1258 26
1259 12
1260 0
1261 56
1262 20
1263 1
1264 62
1265 59
1266 8
1267 69
1268 25
1269 65
1270 69
1271 4
1272 95
1273 25
1274 50
1275 98
1276 12
1277 81
1278 55
1279 91
1280 88
1281 12
1282 77
1283 38
1284 73
1285 53
1286 49
1287 25
1288 96
1289 75
1290 89
1291 48
1292 84
1293 61
1294 49
1295 98
1296 20
1297 9
1298 67
1299 98
1300 75
1301 89
1302 2
1303 70
1304 66
1305 53
1306 68
1307 78
1308 86
1309 23
1310 21
1311 74
1312 88
1313 99
1314 65
1315 13
1316 4
1317 14
1318 38
1319 52
1320 41
1321 27
1322 1
1323 77
1324 40
1325 2
1326 75
1327 61
1328 12
1329 43
1330 59
1331 39
1332 84
1333 13
1334 61
1335 50
1336 66
1337 29
1338 29
1339 4
1340 4
1341 50
1342 79
1343 44
1344 1
1345 96
1346 58
1347 57
1348 62
1349 48
1350 62
1351 55
1352 28
1353 15
1354 33
1355 68
1356 17
1357 8
1358 29
1359 81
1360 3
1361 40
1362 72
1363 87
1364 54
1365 33
1366 38
1367 20
1368 62
1369 19
1370 77
1371 19
1372 69
1373 8
1374 63
1375 23
1376 4
1377 73
1378 32
1379 18
1380 22
1381 94
1382 73
1383 50
1384 9
1385 6
1386 70
1387 79
1388 15
1389 0
1390 12
1391 18
1392 40
1393 85
1394 6
1395 94
1396 18
1397 96
1398 67
1399 33
1400 15
1401 44
1402 52
1403 36
1404 52
1405 67
1406 11
1407 8
1408 41
1409 44
1410 26
1411 15
1412 90
1413 99
1414 17
1415 52
1416 58
1417 87
1418 31
1419 73
1420 87
1421 43
1422 43
1423 80
1424 80
1425 1
1426 26
1427 99
1428 97
1429 45
1430 32
1431 64
1432 89
1433 36
1434 1
1435 93
1436 55
1437 12
1438 53
1439 48
1440 56
1441 31
1442 63
1443 47
1444 83
1445 80
1446 99
1447 41
1448 68
1449 82
1450 66
1451 7
1452 77
1453 61
1454 39
1455 58
1456 63
1457 66
1458 9
1459 12
1460 11
1461 93
1462 77
1463 53
1464 81
1465 78
1466 98
1467 36
1468 90
1469 4
1470 85
1471 99
1472 35
1473 48
1474 98
1475 18
1476 81
1477 49
1478 11
1479 1
1480 31
1481 77
1482 8
1483 60
1484 39
1485 48
1486 70
1487 54
1488 66
1489 79
1490 66
1491 29
1492 24
1493 43
1494 82
1495 5
1496 73
1497 33
1498 94
1499 16
1500 37
1501 79
1502 15
1503 24
1504 79
1505 13
1506 43
1507 12
1508 14
1509 54
1510 13
1511 45
1512 84
1513 74
1514 57
1515 75
1516 74
1517 28
1518 29
1519 40
1520 59
1521 47
1522 69
1523 84
1524 43
1525 4
1526 41
1527 16
1528 89
1529 35
1530 32
1531 26
1532 66
1533 99
1534 50
1535 98
1536 64
1537 45
1538 10
1539 78
1540 52
1541 24
1542 75
1543 88
1544 50
1545 33
1546 63
1547 24
1548 13
1549 44
1550 64
1551 72
1552 43
1553 85
1554 8
1555 86
1556 41
1557 2
1558 3
1559 30
1560 89
1561 87
1562 8
1563 56
1564 87
1565 11
1566 6
1567 3
1568 56
1569 16
1570 82
1571 60
1572 92
1573 9
1574 48
1575 42
1576 42
1577 63
1578 66
1579 7
1580 59
1581 82
1582 80
1583 3
1584 20
1585 40
1586 89
1587 61
1588 94
1589 44
1590 44
1591 84
1592 84
1593 4
1594 40
1595 23
1596 15
1597 98
1598 26
1599 24
1600 14
1601 8
1602 84
1603 7
1604 18
1605 85
1606 1
1607 12
1608 0
1609 68
1610 20
1611 60
1612 2
1613 52
1614 63
1615 22
1616 44
1617 4
1618 84
1619 39
1620 49
1621 80
1622 23
1623 33
1624 84
1625 15
1626 56
1627 0
1628 13
1629 34
1630 76
1631 79
1632 95
1633 12
1634 38
1635 65
1636 97
1637 40
1638 29
1639 98
1640 60
1641 49
1642 10
1643 62
1644 53
1645 25
1646 85
1647 50
1648 29
1649 21
1650 41
1651 78
1652 1
1653 16
1654 63
1655 37
1656 83
1657 71
1658 89
1659 48
1660 58
1661 65
1662 27
1663 53
1664 78
1665 66
1666 18
1667 27
1668 58
1669 47
1670 77
1671 18
1672 49
1673 87
1674 80
1675 54
1676 12
1677 65
1678 56
1679 42
1680 86
1681 97
1682 72
1683 39
1684 13
1685 88
1686 77
1687 96
1688 11
1689 18
1690 44
1691 69
1692 84
1693 24
1694 22
1695 62
1696 42
1697 92
1698 89
1699 0
1700 40
1701 67
1702 18
1703 41
1704 6
1705 50
1706 95
1707 19
1708 68
1709 52
1710 13
1711 6
1712 49
1713 37
1714 46
1715 15
1716 25
1717 75
1718 63
1719 89
1720 93
1721 60
1722 58
1723 29
1724 84
1725 33
1726 91
1727 78
1728 25
1729 33
1730 30
1731 65
1732 52
1733 0
1734 6
1735 58
1736 50
1737 54
1738 29
1739 18
1740 6
1741 94
1742 25
1743 7
1744 32
1745 23
1746 74
1747 9
1748 98
1749 38
1750 50
1751 43
1752 98
1753 9
1754 73
1755 34
1756 42
1757 16
1758 64
1759 19
1760 1
1761 94
1762 85
1763 53
1764 94
1765 43
1766 64
1767 44
1768 97
1769 45
1770 63
1771 55
1772 92
1773 40
1774 15
1775 76
1776 63
1777 89
1778 37
1779 13
1780 27
1781 88
1782 56
1783 77
1784 97
1785 81
1786 63
1787 91
1788 50
1789 27
1790 62
1791 51
1792 21
1793 47
1794 57
1795 15
1796 43
1797 73
1798 60
1799 92
1800 18
1801 75
1802 0
1803 62
1804 15
1805 15
1806 38
1807 78
1808 4
1809 76
1810 91
1811 84
1812 64
1813 99
1814 61
1815 13
1816 33
1817 25
1818 56
1819 83
1820 52
1821 18
1822 86
1823 26
1824 18
1825 43
1826 41
1827 13
1828 16
1829 1
1830 5
1831 87
1832 28
1833 57
1834 49
1835 43
1836 72
1837 88
1838 73
1839 29
1840 16
1841 16
1842 13
1843 80
1844 68
1845 26
1846 45
1847 1
1848 51
1849 1
1850 36
1851 56
1852 71
1853 22
1854 82
1855 89
1856 66
1857 75
1858 2
1859 34
1860 29
1861 60
1862 21
1863 57
1864 17
1865 23
1866 53
1867 90
1868 63
1869 78
1870 19
1871 79
1872 47
1873 84
1874 11
1875 15
1876 10
1877 8
1878 68
1879 14
1880 9
1881 4
1882 22
1883 80
1884 26
1885 56
1886 22
1887 44
1888 31
1889 76
1890 79
1891 60
1892 36
1893 52
1894 70
1895 6
1896 75
1897 75
1898 96
1899 90
1900 53
1901 67
1902 21
1903 0
1904 3
1905 32
1906 67
1907 13
1908 40
1909 35
1910 27
1911 1
1912 91
1913 49
1914 34
1915 70
1916 5
1917 56
1918 14
1919 89
1920 32
1921 45
1922 49
1923 21
1924 50
1925 71
1926 27
1927 77
1928 46
1929 75
1930 68
1931 52
1932 94
1933 89
1934 52
1935 97
1936 74
1937 72
1938 10
1939 14
1940 7
1941 90
1942 68
1943 51
1944 91
1945 2
1946 21
1947 97
1948 10
1949 87
1950 38
1951 94
1952 33
1953 39
1954 67
1955 83
1956 11
1957 94
1958 12
1959 9
1960 21
1961 80
1962 61
1963 15
1964 22
1965 66
1966 12
1967 96
1968 38
1969 75
1970 62
1971 97
1972 65
1973 30
1974 48
1975 56
1976 84
1977 21
1978 5
1979 94
1980 9
1981 43
1982 41
1983 94
1984 83
1985 8
1986 29
1987 94
1988 55
1989 41
1990 55
1991 76
1992 22
1993 17
1994 92
1995 44
1996 83
1997 56
1998 92
1999 21
2000 31
2001 54
2002 70
2003 48
2004 85
2005 71
2006 57
2007 69
2008 92
2009 62
2010 16
2011 1
2012 58
2013 9
2014 47
2015 41
2016 17
2017 76
2018 87
2019 72
2020 18
2021 42
2022 1
2023 92
2024 59
2025 45
2026 88
2027 94
2028 1
2029 80
2030 67
2031 85
2032 34
2033 38
2034 33
2035 71
2036 9
2037 90
2038 41
2039 1
2040 5
2041 9
2042 55
2043 63
2044 18
2045 2
2046 56
2047 87
2048 31
2049 43
2050 60
2051 1
2052 37
2053 13
2054 93
2055 49
2056 58
2057 81
2058 43
2059 59
2060 13
2061 11
2062 44
2063 47
2064 1
2065 30
2066 19
2067 10
2068 72
2069 12
2070 63
2071 77
2072 73
2073 70
2074 92
2075 91
2076 25
2077 48
2078 78
2079 8
2080 91
2081 90
2082 9
2083 29
2084 55
2085 2
2086 30
2087 13
2088 35
2089 73
2090 73
2091 48
2092 36
2093 69
2094 47
2095 37
2096 51
2097 18
2098 99
2099 24
2100 30
2101 15
2102 53
2103 3
2104 37
2105 46
2106 46
2107 14
2108 94
2109 77
2110 22
2111 86
2112 19
2113 31
2114 67
2115 75
2116 85
2117 97
2118 88
2119 72
2120 22
2121 13
2122 20
2123 59
2124 83
2125 20
2126 48
2127 86
2128 38
2129 0
2130 10
2131 69
2132 67
2133 64
2134 24
2135 4
2136 62
2137 23
2138 71
2139 56
2140 0
2141 93
2142 94
2143 71
2144 77
2145 61
2146 46
2147 62
2148 10
2149 35
2150 35
2151 85
2152 0
2153 7
2154 96
2155 35
2156 79
2157 96
2158 22
2159 18
2160 96
2161 84
2162 39
2163 63
2164 48
2165 63
2166 20
2167 62
2168 38
2169 91
2170 19
2171 38
2172 36
2173 13
2174 10
2175 13
2176 27
2177 8
2178 28
2179 89
2180 95
2181 15
2182 74
2183 96
2184 74
2185 70
2186 31
2187 54
2188 67
2189 53
2190 72
2191 15
2192 90
2193 11
2194 31
2195 38
2196 26
2197 51
2198 53
2199 65
2200 94
2201 72
2202 55
2203 82
2204 85
2205 17
2206 96
2207 64
2208 26
2209 76
2210 54
2211 21
2212 91
2213 28
2214 17
2215 65
2216 51
2217 1
2218 19
2219 70
2220 6
2221 43
2222 37
2223 96
2224 6
2225 68
2226 87
2227 33
2228 71
2229 40
2230 50
2231 17
2232 12
2233 5
2234 0
2235 49
2236 75
2237 96
2238 14
2239 1
2240 72
2241 20
2242 74
2243 15
2244 0
2245 44
2246 80
2247 51
2248 45
2249 52
2250 73
2251 3
2252 95
2253 11
2254 0
2255 2
2256 31
2257 39
2258 87
2259 3
2260 79
2261 37
2262 20
2263 43
2264 94
2265 20
2266 44
2267 69
2268 68
2269 10
2270 22
2271 92
2272 30
2273 97
2274 7
2275 83
2276 41
2277 40
2278 86
2279 38
2280 92
2281 60
2282 41
2283 39
2284 23
2285 93
2286 41
2287 54
2288 32
2289 80
2290 57
2291 63
2292 69
2293 30
2294 58
2295 64
2296 50
2297 3
2298 85
2299 19
2300 65
2301 60
2302 63
2303 96
2304 57
2305 71
2306 79
2307 50
2308 11
2309 65
2310 88
2311 55
2312 77
2313 29
2314 94
2315 0
2316 23
2317 88
2318 7
2319 55
2320 68
2321 64
2322 71
2323 38
2324 94
2325 29
2326 54
2327 97
2328 84
2329 91
2330 68
2331 50
2332 51
2333 31
2334 98
2335 8
2336 54
2337 29
2338 10
2339 17
2340 46
2341 98
2342 72
2343 24
2344 28
2345 67
2346 76
2347 3
2348 7
2349 83
2350 10
2351 75
2352 0
2353 81
2354 13
2355 46
2356 11
2357 19
2358 43
2359 95
2360 11
2361 11
2362 97
2363 62
2364 95
2365 95
2366 23
2367 49
2368 24
2369 33
2370 67
2371 71
2372 32
2373 91
2374 47
2375 12
2376 10
2377 23
2378 15
2379 17
2380 59
2381 25
2382 93
2383 59
2384 59
2385 58
2386 5
2387 22
2388 78
2389 1
2390 17
2391 89
2392 64
2393 67
2394 3
2395 59
2396 62
2397 78
2398 61
2399 87
2400 12
2401 80
2402 10
2403 96
2404 71
2405 57
2406 60
2407 82
2408 80
2409 75
2410 99
2411 39
2412 52
2413 92
2414 50
2415 11
2416 3
2417 56
2418 33
2419 81
2420 57
2421 3
2422 22
2423 21
2424 70
2425 25
2426 33
2427 84
2428 4
2429 94
2430 71
2431 68
2432 74
2433 33
2434 16
2435 45
2436 90
2437 76
2438 79
2439 23
2440 51
2441 79
2442 62
2443 55
2444 23
2445 65
2446 67
2447 26
2448 21
2449 52
2450 59
2451 30
2452 55
2453 33
2454 3
2455 77
2456 11
2457 88
2458 62
2459 67
2460 82
2461 85
2462 35
2463 8
2464 19
2465 3
2466 6
2467 9
2468 79
2469 85
2470 32
2471 82
2472 16
2473 47
2474 37
2475 92
2476 64
2477 56
2478 70
2479 37
2480 9
2481 30
2482 67
2483 16
2484 15
2485 22
2486 94
2487 26
2488 11
2489 8
2490 93
2491 45
2492 93
2493 80
2494 54
2495 12
2496 83
2497 12
2498 74
2499 14
2500 97
2501 58
2502 96
2503 66
2504 57
2505 86
2506 58
2507 21
2508 94
2509 28
2510 58
2511 3
2512 10
2513 77
2514 72
2515 26
2516 0
2517 18
2518 52
2519 63
2520 26
2521 46
2522 60
2523 19
2524 78
2525 14
2526 32
2527 62
2528 78
2529 58
2530 28
2531 28
2532 16
2533 25
2534 94
2535 74
2536 63
2537 52
2538 47
2539 57
2540 32
2541 6
2542 13
2543 43
2544 83
2545 85
2546 69
2547 35
2548 3
2549 73
2550 50
2551 29
2552 71
2553 11
2554 48
2555 50
2556 77
2557 32
2558 64
2559 56
2560 42
2561 92
2562 84
2563 59
2564 69
2565 30
2566 85
2567 32
2568 34
2569 32
2570 90
2571 66
2572 90
2573 3
2574 9
2575 26
2576 40
2577 30
2578 61
2579 43
2580 4
2581 64
2582 72
2583 75
2584 75
2585 72
2586 77
2587 4
2588 57
2589 41
2590 12
2591 99
2592 86
2593 96
2594 10
2595 55
2596 78
2597 95
2598 88
2599 12
2600 80
2601 30
2602 79
2603 70
2604 33
2605 40
2606 96
2607 73
2608 71
2609 10
2610 68
2611 27
2612 74
2613 92
2614 54
2615 1
2616 64
2617 32
2618 57
2619 73
2620 25
2621 70
2622 73
2623 11
2624 18
2625 83
2626 19
2627 97
2628 31
2629 7
2630 9
2631 11
2632 89
2633 88
2634 81
2635 74
2636 81
2637 78
2638 99
2639 52
2640 40
2641 67
2642 31
2643 66
2644 59
2645 85
2646 67
2647 75
2648 69
2649 76
2650 49
2651 47
2652 46
2653 74
2654 58
2655 65
2656 57
2657 29
2658 14
2659 88
2660 88
2661 23
2662 99
2663 77
2664 64
2665 33
2666 51
2667 45
2668 63
2669 50
2670 49
2671 3
2672 69
2673 80
2674 69
2675 80
2676 17
2677 88
2678 56
2679 87
2680 64
2681 57
2682 34
2683 63
2684 31
2685 44
2686 80
2687 88
2688 74
2689 94
2690 29
2691 62
2692 69
2693 80
2694 92
2695 33
2696 13
2697 95
2698 30
2699 76
2700 46
2701 79
2702 31
2703 67
2704 11
2705 0
2706 48
2707 29
2708 40
2709 56
2710 68
2711 57
2712 13
2713 2
2714 20
2715 44
2716 98
2717 0
2718 84
2719 24
2720 46
2721 65
2722 39
2723 15
2724 46
2725 31
2726 1
2727 11
2728 26
2729 31
2730 88
2731 24
2732 63
2733 71
2734 92
2735 74
2736 24
2737 92
2738 3
2739 64
2740 48
2741 71
2742 73
2743 61
2744 25
2745 93
2746 57
2747 24
2748 45
2749 93
2750 0
2751 43
2752 11
2753 39
2754 59
2755 9
2756 22
2757 60
2758 20
2759 49
2760 43
2761 8
2762 25
2763 6
2764 32
2765 69
2766 33
2767 56
2768 61
2769 36
2770 20
2771 9
2772 60
2773 94
2774 22
2775 37
2776 39
2777 31
2778 61
2779 37
2780 77
2781 14
2782 80
2783 40
2784 53
2785 39
2786 49
2787 76
2788 51
2789 69
2790 77
2791 47
2792 30
2793 54
2794 5
2795 62
2796 24
2797 38
2798 18
2799 85
2800 27
2801 90
2802 47
2803 87
2804 36
2805 21
2806 24
2807 76
2808 5
2809 38
2810 13
2811 82
2812 52
2813 45
2814 22
2815 57
2816 37
2817 71
2818 85
2819 88
2820 92
2821 14
2822 87
2823 22
2824 69
2825 93
2826 84
2827 45
2828 31
2829 2
2830 30
2831 58
2832 45
2833 29
2834 97
2835 81
2836 51
2837 74
2838 9
2839 8
2840 12
2841 22
2842 90
2843 16
2844 20
2845 64
2846 73
2847 57
2848 87
2849 11
2850 97
2851 79
2852 25
2853 85
2854 2
2855 46
2856 30
2857 38
2858 91
2859 13
2860 93
2861 74
2862 72
2863 38
2864 3
2865 21
2866 19
2867 6
2868 95
2869 29
2870 14
2871 59
2872 3
2873 56
2874 75
2875 23
2876 20
2877 1
2878 80
2879 59
2880 12
2881 30
2882 39
2883 89
2884 15
2885 93
2886 36
2887 45
2888 31
2889 27
2890 58
2891 24
2892 1
2893 82
2894 62
2895 5
2896 56
2897 34
2898 63
2899 51
2900 63
2901 78
2902 63
2903 18
2904 34
2905 38
2906 42
2907 7
2908 39
2909 74
2910 66
2911 3
2912 4
2913 57
2914 93
2915 71
2916 50
2917 29
2918 68
2919 34
2920 8
2921 79
2922 58
2923 10
2924 13
2925 73
2926 67
2927 69
2928 7
2929 30
2930 73
2931 22
2932 60
2933 36
2934 40
2935 47
2936 26
2937 34
2938 54
2939 18
2940 9
2941 72
2942 21
2943 65
2944 30
2945 66
2946 37
2947 32
2948 47
2949 5
2950 66
2951 56
2952 84
2953 77
2954 18
2955 98
2956 50
2957 37
2958 19
2959 9
2960 19
2961 92
2962 31
2963 80
2964 80
2965 23
2966 79
2967 7
2968 58
2969 33
2970 25
2971 19
2972 57
2973 98
2974 84
2975 39
2976 65
2977 21
2978 72
2979 12
2980 79
2981 90
2982 20
2983 63
2984 67
2985 90
2986 13
2987 69
2988 27
2989 33
2990 30
2991 47
2992 77
2993 13
2994 79
2995 58
2996 37
2997 58
2998 65
2999 95
3000 43
3001 42
3002 14
3003 52
3004 40
3005 50
3006 92
3007 5
3008 72
3009 16
3010 70
3011 51
3012 6
3013 42
3014 66
3015 26
3016 33
3017 32
3018 47
3019 60
3020 65
3021 78
3022 59
3023 42
3024 91
3025 90
3026 52
3027 80
3028 48
3029 17
3030 75
3031 43
3032 11
3033 41
3034 96
3035 52
3036 92
3037 88
3038 9
3039 16
3040 56
3041 31
3042 19
3043 62
3044 74
3045 85
3046 40
3047 59
3048 69
3049 40
3050 71
3051 34
3052 70
3053 31
3054 29
3055 61
3056 21
3057 81
3058 94
3059 22
3060 51
3061 69
3062 17
3063 62
3064 63
3065 13
3066 66
3067 7
3068 53
3069 76
3070 23
3071 9
3072 7
3073 42
3074 24
3075 33
3076 79
3077 64
3078 44
3079 49
3080 56
3081 16
3082 35
3083 26
3084 99
3085 16
3086 88
3087 72
3088 50
3089 82
3090 94
3091 1
3092 3
3093 12
3094 15
3095 18
3096 77
3097 82
3098 25
3099 31
3100 10
3101 48
3102 92
3103 69
3104 42
3105 16
3106 55
3107 74
3108 33
3109 99
3110 23
3111 89
3112 15
3113 10
3114 16
3115 14
3116 27
3117 56
3118 87
3119 29
3120 90
3121 33
3122 82
3123 45
3124 97
3125 97
3126 64
3127 75
3128 31
3129 89
3130 58
3131 93
3132 90
3133 2
3134 63
3135 84
3136 19
3137 18
3138 58
3139 4
3140 69
3141 81
3142 93
3143 85
3144 44
3145 9
3146 51
3147 23
3148 17
3149 38
3150 52
3151 7
3152 24
3153 34
3154 5
3155 73
3156 83
3157 69
3158 48
3159 67
3160 10
3161 58
3162 60
3163 52
3164 61
3165 75
3166 37
3167 32
3168 45
3169 95
3170 36
3171 15
3172 29
3173 29
3174 52
3175 73
3176 91
3177 3
3178 48
3179 60
3180 94
3181 0
3182 20
3183 18
3184 86
3185 25
3186 91
3187 21
3188 94
3189 92
3190 40
3191 56
3192 2
3193 53
3194 9
3195 15
3196 28
3197 46
3198 47
3199 26
3200 41
3201 83
3202 93
3203 70
3204 65
3205 45
3206 95
3207 8
3208 48
3209 43
3210 68
3211 42
3212 95
3213 88
3214 12
3215 33
3216 65
3217 4
3218 7
3219 59
3220 48
3221 47
3222 68
3223 50
3224 52
3225 77
3226 18
3227 33
3228 23
3229 65
3230 59
3231 16
3232 1
3233 52
3234 39
3235 18
3236 97
3237 86
3238 26
3239 97
3240 82
3241 46
3242 40
3243 77
3244 87
3245 52
3246 63
3247 52
3248 8
3249 70
3250 64
3251 56
3252 69
3253 84
3254 59
3255 74
3256 61
3257 77
3258 7
3259 36
3260 94
3261 66
3262 4
3263 47
3264 70
3265 43
3266 65
3267 19
3268 82
3269 43
3270 16
3271 64
3272 42
3273 56
3274 41
3275 81
3276 61
3277 56
3278 85
3279 69
3280 78
3281 49
3282 78
3283 0
3284 33
3285 89
3286 74
3287 46
3288 18
3289 81
3290 82
3291 12
3292 99
3293 39
3294 60
3295 69
3296 82
3297 77
3298 40
3299 64
3300 21
3301 56
3302 28
3303 63
3304 65
3305 22
3306 96
3307 78
3308 30
3309 81
3310 47
3311 9
3312 83
3313 77
3314 9
3315 68
3316 66
3317 83
3318 15
3319 36
3320 16
3321 49
3322 1
3323 15
3324 88
3325 61
3326 36
3327 23
3328 90
3329 76
3330 39
3331 11
3332 84
3333 20
3334 26
3335 49
3336 94
3337 22
3338 27
3339 24
3340 56
3341 27
3342 85
3343 39
3344 56
3345 46
3346 7
3347 75
3348 29
3349 74
3350 11
3351 97
3352 24
3353 12
3354 12
3355 64
3356 25
3357 48
3358 39
3359 16
3360 76
3361 31
3362 79
3363 61
3364 51
3365 58
3366 62
3367 97
3368 32
3369 42
3370 73
3371 88
3372 21
3373 59
3374 79
3375 29
3376 5
3377 87
3378 4
3379 87
3380 13
3381 68
3382 84
3383 89
3384 80
3385 49
3386 54
3387 58
3388 49
3389 45
3390 26
3391 26
3392 76
3393 5
3394 39
3395 79
3396 15
3397 53
3398 76
3399 0
3400 47
3401 50
3402 40
3403 68
3404 61
3405 20
3406 98
3407 66
3408 59
3409 54
3410 5
3411 72
3412 22
3413 42
3414 62
3415 3
3416 91
3417 68
3418 13
3419 40
3420 13
3421 39
3422 18
3423 42
3424 96
3425 9
3426 21
3427 12
3428 15
3429 50
3430 64
3431 62
3432 0
3433 4
3434 83
3435 13
3436 24
3437 81
3438 79
3439 35
3440 35
3441 37
3442 8
3443 10
3444 79
3445 22
3446 65
3447 70
3448 90
3449 78
3450 62
3451 55
3452 17
3453 33
3454 97
3455 65
3456 94
3457 19
3458 77
3459 9
3460 69
3461 93
3462 72
3463 21
3464 98
3465 55
3466 34
3467 74
3468 88
3469 65
3470 10
3471 75
3472 2
3473 18
3474 85
3475 33
3476 40
3477 50
3478 3
3479 82
3480 28
3481 18
3482 37
3483 97
3484 51
3485 35
3486 63
3487 45
3488 6
3489 92
3490 7
3491 27
3492 86
3493 79
3494 48
3495 36
3496 34
3497 34
3498 10
3499 74
3500 51
3501 20
3502 49
3503 6
3504 90
3505 35
3506 39
3507 82
3508 37
3509 95
3510 64
3511 18
3512 13
3513 54
3514 67
3515 16
3516 89
3517 30
3518 13
3519 47
3520 75
3521 20
3522 74
3523 13
3524 99
3525 74
3526 49
3527 85
3528 8
3529 11
3530 59
3531 11
3532 32
3533 61
3534 17
3535 74
3536 48
3537 57
3538 57
3539 85
3540 52
3541 73
3542 55
3543 17
3544 27
3545 23
3546 33
3547 68
3548 5
3549 46
3550 15
3551 32
3552 67
3553 41
3554 45
3555 18
3556 15
3557 46
3558 56
3559 75
3560 58
3561 67
3562 87
3563 42
3564 28
3565 4
3566 16
3567 28
3568 13
3569 25
3570 66
3571 17
3572 51
3573 21
3574 34
3575 78
3576 96
3577 19
3578 99
3579 54
3580 18
3581 66
3582 86
3583 37
3584 8
3585 84
3586 55
3587 23
3588 30
3589 63
3590 99
3591 40
3592 31
3593 86
3594 82
3595 59
3596 42
3597 51
3598 88
3599 8
3600 76
3601 54
3602 25
3603 27
3604 27
3605 12
3606 58
3607 24
3608 83
3609 9
3610 78
3611 1
3612 75
3613 16
3614 38
3615 83
3616 0
3617 46
3618 59
3619 83
3620 9
3621 58
3622 23
3623 40
3624 96
3625 58
3626 52
3627 90
3628 9
3629 92
3630 98
3631 37
3632 98
3633 76
3634 65
3635 25
3636 88
3637 75
3638 1
3639 71
3640 84
3641 31
3642 25
3643 11
3644 0
3645 63
3646 47
3647 52
3648 61
3649 6
3650 35
3651 71
3652 16
3653 11
3654 63
3655 64
3656 69
3657 15
3658 54
3659 30
3660 59
3661 53
3662 67
3663 57
3664 29
3665 84
3666 35
3667 69
3668 11
3669 88
3670 92
3671 47
3672 72
3673 17
3674 59
3675 72
3676 33
3677 6
3678 24
3679 94
3680 64
3681 12
3682 17
3683 80
3684 75
3685 81
3686 44
3687 44
3688 48
3689 50
3690 26
3691 60
3692 3
3693 45
3694 17
3695 84
3696 30
3697 4
3698 5
3699 93
3700 45
3701 50
3702 41
3703 69
3704 67
3705 0
3706 41
3707 52
3708 58
3709 17
3710 99
3711 22
3712 81
3713 16
3714 54
3715 56
3716 49
3717 50
3718 52
3719 98
3720 0
3721 78
3722 58
3723 56
3724 24
3725 27
3726 92
3727 6
3728 84
3729 98
3730 99
3731 81
3732 48
3733 40
3734 50
3735 67
3736 92
3737 43
3738 72
3739 2
3740 60
3741 71
3742 76
3743 94
3744 87
3745 30
3746 50
3747 37
3748 80
3749 3
3750 87
3751 81
3752 33
3753 97
3754 37
3755 9
3756 76
3757 81
3758 67
3759 12
3760 79
3761 67
3762 93
3763 79
3764 59
3765 43
3766 99
3767 4
3768 38
3769 71
3770 6
3771 99
3772 94
3773 83
3774 45
3775 33
3776 65
3777 95
3778 70
3779 98
3780 50
3781 9
3782 79
3783 36
3784 58
3785 68
3786 45
3787 35
3788 49
3789 13
3790 99
3791 81
3792 32
3793 93
3794 12
3795 91
3796 88
3797 63
3798 47
3799 27
3800 86
3801 54
3802 78
3803 80
3804 89
3805 23
3806 14
3807 6
3808 70
3809 36
3810 4
3811 21
3812 98
3813 83
3814 57
3815 56
3816 3
3817 54
3818 43
3819 5
3820 19
3821 43
3822 38
3823 51
3824 88
3825 50
3826 95
3827 76
3828 66
3829 42
3830 55
3831 52
3832 48
3833 33
3834 33
3835 89
3836 56
3837 99
3838 96
3839 79
3840 35
3841 0
3842 0
3843 33
3844 36
3845 9
3846 90
3847 91
3848 15
3849 85
3850 96
3851 35
3852 28
3853 86
3854 86
3855 16
3856 89
3857 81
3858 45
3859 55
3860 76
3861 0
3862 7
3863 24
3864 34
3865 92
3866 14
3867 42
3868 91
3869 62
3870 21
3871 79
3872 62
3873 73
3874 12
3875 98
3876 34
3877 54
3878 42
3879 50
3880 40
3881 38
3882 85
3883 20
3884 77
3885 23
3886 89
3887 66
3888 57
3889 34
3890 21
3891 33
3892 34
3893 80
3894 9
3895 20
3896 25
3897 75
3898 15
3899 16
3900 37
3901 88
3902 47
3903 0
3904 62
3905 60
3906 50
3907 48
3908 66
3909 92
3910 98
3911 6
3912 83
3913 35
3914 79
3915 12
3916 59
3917 68
3918 78
3919 68
3920 54
3921 51
3922 1
3923 88
3924 31
3925 10
3926 61
3927 8
3928 86
3929 76
3930 25
3931 75
3932 64
3933 24
3934 27
3935 78
3936 84
3937 78
3938 27
3939 51
3940 22
3941 77
3942 9
3943 57
3944 65
3945 88
3946 69
3947 76
3948 8
3949 99
3950 44
3951 62
3952 50
3953 97
3954 3
3955 34
3956 7
3957 16
3958 42
3959 45
3960 92
3961 19
3962 73
3963 8
3964 44
3965 0
3966 39
3967 80
3968 30
3969 18
3970 31
3971 53
3972 95
3973 93
3974 62
3975 12
3976 33
3977 84
3978 88
3979 94
3980 83
3981 32
3982 56
3983 86
3984 29
3985 11
3986 20
3987 89
3988 27
3989 14
3990 86
3991 71
3992 34
3993 59
3994 32
3995 30
3996 12
3997 71
3998 10
3999 42
4000 89
4001 94
4002 95
4003 36
4004 87
4005 10
4006 49
4007 72
4008 94
4009 89
4010 66
4011 29
4012 74
4013 23
4014 15
4015 55
4016 86
4017 87
4018 44
4019 14
4020 2
4021 83
4022 37
4023 88
4024 94
4025 69
4026 18
4027 6
4028 40
4029 28
4030 49
4031 81
4032 74
4033 96
4034 18
4035 61
4036 6
4037 19
4038 86
4039 52
4040 60
4041 52
4042 34
4043 34
4044 27
4045 49
4046 90
4047 14
4048 89
4049 86
4050 80
4051 91
4052 69
4053 17
4054 79
4055 16
4056 87
4057 49
4058 22
4059 27
4060 29
4061 23
4062 9
4063 4
4064 20
4065 79
4066 17
4067 78
4068 50
4069 3
4070 83
4071 10
4072 56
4073 17
4074 45
4075 83
4076 18
4077 87
4078 97
4079 7
4080 73
4081 77
4082 98
4083 95
4084 47
4085 29
4086 11
4087 34
4088 30
4089 85
4090 61
4091 60
4092 9
4093 22
4094 64
4095 29
4096 53
4097 33
4098 59
4099 3
4100 37
4101 42
4102 14
4103 93
4104 59
4105 11
4106 28
4107 30
4108 98
4109 78
4110 37
4111 23
4112 7
4113 88
4114 18
4115 54
4116 69
4117 29
4118 88
4119 0
4120 15
4121 2
4122 60
4123 76
4124 76
4125 76
4126 57
4127 30
4128 9
4129 16
4130 33
4131 98
4132 11
4133 99
4134 43
4135 22
4136 62
4137 72
4138 52
4139 60
4140 2
4141 90
4142 36
4143 61
4144 30
4145 54
4146 16
4147 99
4148 84
4149 56
4150 51
4151 51
4152 10
4153 63
4154 27
4155 87
4156 39
4157 84
4158 17
4159 1
4160 52
4161 2
4162 51
4163 63
4164 54
4165 95
4166 86
4167 16
4168 19
4169 90
4170 29
4171 21
4172 32
4173 65
4174 82
4175 62
4176 71
4177 50
4178 14
4179 7
4180 7
4181 65
4182 58
4183 69
4184 81
4185 37
4186 56
4187 20
4188 73
4189 25
4190 73
4191 26
4192 80
4193 25
4194 41
4195 34
4196 72
4197 79
4198 2
4199 91
4200 22
4201 83
4202 12
4203 54
4204 0
4205 46
4206 69
4207 24
4208 97
4209 83
4210 31
4211 56
4212 0
4213 90
4214 25
4215 81
4216 79
4217 34
4218 54
4219 53
4220 59
4221 79
4222 31
4223 39
4224 56
4225 24
4226 25
4227 28
4228 4
4229 80
4230 19
4231 26
4232 15
4233 83
4234 32
4235 68
4236 30
4237 1
4238 92
4239 79
4240 84
4241 23
4242 87
4243 37
4244 65
4245 12
4246 18
4247 45
4248 46
4249 24
4250 50
4251 58
4252 4
4253 33
4254 49
4255 60
4256 57
4257 27
4258 89
4259 13
4260 7
4261 60
4262 91
4263 74
4264 44
4265 24
4266 94
4267 26
4268 25
4269 86
4270 57
4271 62
4272 62
4273 44
4274 51
4275 27
4276 56
4277 69
4278 24
4279 55
4280 46
4281 74
4282 13
4283 50
4284 7
4285 14
4286 62
4287 17
4288 41
4289 3
4290 30
4291 0
4292 16
4293 22
4294 27
4295 60
4296 46
4297 21
4298 38
4299 23
4300 8
4301 95
4302 37
4303 70
4304 39
4305 88
4306 49
4307 47
4308 58
4309 74
4310 2
4311 56
4312 0
4313 67
4314 58
4315 60
4316 34
4317 20
4318 77
4319 75
4320 76
4321 7
4322 28
4323 92
4324 81
4325 55
4326 4
4327 79
4328 76
4329 94
4330 3
4331 84
4332 89
4333 92
4334 6
4335 80
4336 81
4337 56
4338 27
4339 91
4340 30
4341 82
4342 47
4343 82
4344 1
4345 5
4346 42
4347 35
4348 77
4349 19
4350 63
4351 5
4352 79
4353 91
4354 97
4355 12
4356 46
4357 53
4358 92
4359 22
4360 47
4361 47
4362 59
4363 36
4364 39
4365 17
4366 68
4367 20
4368 73
4369 96
4370 11
4371 55
4372 30
4373 10
4374 38
4375 31
4376 15
4377 80
4378 19
4379 45
4380 52
4381 82
4382 50
4383 31
4384 73
4385 0
4386 95
4387 19
4388 53
4389 87
4390 93
4391 1
4392 86
4393 4
4394 89
4395 26
4396 22
4397 58
4398 98
4399 95
4400 6
4401 62
4402 3
4403 36
4404 72
4405 93
4406 67
4407 40
4408 73
4409 38
4410 37
4411 77
4412 20
4413 87
4414 60
4415 93
4416 87
4417 56
4418 64
4419 41
4420 43
4421 58
4422 94
4423 82
4424 62
4425 83
4426 8
4427 36
4428 93
4429 58
4430 32
4431 99
4432 20
4433 87
4434 35
4435 45
4436 80
4437 55
4438 37
4439 5
4440 45
4441 74
4442 83
4443 66
4444 61
4445 43
4446 59
4447 1
4448 51
4449 76
4450 42
4451 95
4452 34
4453 88
4454 77
4455 48
4456 23
4457 37
4458 85
4459 17
4460 47
4461 69
4462 16
4463 68
4464 8
4465 4
4466 65
4467 88
4468 11
4469 2
4470 93
4471 56
4472 76
4473 28
4474 74
4475 37
4476 24
4477 34
4478 38
4479 75
4480 10
4481 32
4482 22
4483 96
4484 72
4485 51
4486 96
4487 96
4488 88
4489 33
4490 13
4491 36
4492 54
4493 81
4494 56
4495 62
4496 37
4497 21
4498 2
4499 0
4500 23
4501 96
4502 57
4503 51
4504 76
4505 31
4506 40
4507 0
4508 17
4509 31
4510 76
4511 79
4512 15
4513 98
4514 27
4515 88
4516 50
4517 76
4518 84
4519 90
4520 61
4521 97
4522 78
4523 16
4524 30
4525 34
4526 30
4527 68
4528 7
4529 33
4530 68
4531 82
4532 81
4533 77
4534 33
4535 57
4536 61
4537 74
4538 58
4539 78
4540 57
4541 34
4542 10
4543 72
4544 84
4545 37
4546 60
4547 34
4548 65
4549 44
4550 77
4551 27
4552 93
4553 55
4554 43
4555 76
4556 90
4557 25
4558 44
4559 49
4560 58
4561 12
4562 32
4563 39
4564 42
4565 17
4566 49
4567 3
4568 91
4569 7
4570 33
4571 0
4572 93
4573 95
4574 73
4575 77
4576 85
4577 33
4578 64
4579 50
4580 30
4581 41
4582 77
4583 75
4584 96
4585 72
4586 51
4587 38
4588 98
4589 95
4590 88
4591 8
4592 60
4593 72
4594 0
4595 54
4596 89
4597 49
4598 57
4599 33
4600 56
4601 42
4602 33
4603 49
4604 38
4605 6
4606 78
4607 23
4608 40
4609 42
4610 73
4611 22
4612 35
4613 3
4614 97
4615 32
4616 75
4617 49
4618 22
4619 25
4620 96
4621 10
4622 34
4623 8
4624 82
4625 34
4626 62
4627 24
4628 83
4629 19
4630 57
4631 91
4632 14
4633 90
4634 92
4635 52
4636 97
4637 22
4638 75
4639 89
4640 65
4641 48
4642 63
4643 52
4644 51
4645 60
4646 36
4647 79
4648 61
4649 59
4650 4
4651 10
4652 21
4653 90
4654 18
4655 56
4656 76
4657 81
4658 80
4659 59
4660 52
4661 37
4662 2
4663 66
4664 79
4665 46
4666 18
4667 76
4668 69
4669 45
4670 17
4671 86
4672 46
4673 80
4674 38
4675 97
4676 93
4677 75
4678 28
4679 54
4680 86
4681 85
4682 64
4683 7
4684 75
4685 35
4686 63
4687 52
4688 16
4689 95
4690 63
4691 20
4692 32
4693 18
4694 87
4695 12
4696 64
4697 57
4698 40
4699 33
4700 3
4701 10
4702 19
4703 49
4704 90
4705 10
4706 98
4707 83
4708 37
4709 79
4710 90
4711 23
4712 64
4713 6
4714 30
4715 91
4716 41
4717 46
4718 43
4719 9
4720 41
4721 59
4722 30
4723 74
4724 77
4725 69
4726 38
4727 41
4728 78
4729 30
4730 27
4731 33
4732 40
4733 46
4734 34
4735 83
4736 8
4737 33
4738 18
4739 45
4740 64
4741 8
4742 68
4743 28
4744 67
4745 99
4746 19
4747 60
4748 97
4749 15
4750 70
4751 38
4752 74
4753 52
4754 64
4755 51
4756 21
4757 2
4758 92
4759 51
4760 85
4761 19
4762 85
4763 25
4764 18
4765 19
4766 60
4767 78
4768 4
4769 79
4770 24
4771 68
4772 39
4773 44
4774 48
4775 6
4776 95
4777 68
4778 67
4779 92
4780 35
4781 89
4782 31
4783 9
4784 41
4785 95
4786 12
4787 14
4788 50
4789 4
4790 65
4791 35
4792 76
4793 2
4794 12
4795 46
4796 74
4797 73
4798 76
4799 78
4800 52
4801 52
4802 99
4803 43
4804 97
4805 47
4806 2
4807 92
4808 67
4809 21
4810 85
4811 2
4812 10
4813 68
4814 63
4815 3
4816 63
4817 75
4818 17
4819 13
4820 32
4821 34
4822 0
4823 60
4824 89
4825 13
4826 58
4827 63
4828 86
4829 34
4830 93
4831 90
4832 87
4833 92
4834 33
4835 36
4836 92
4837 87
4838 28
4839 11
4840 8
4841 65
4842 66
4843 18
4844 33
4845 29
4846 21
4847 49
4848 57
4849 90
4850 14
4851 89
4852 25
4853 15
4854 1
4855 66
4856 28
4857 59
4858 29
4859 66
4860 45
4861 22
4862 8
4863 84
4864 67
4865 93
4866 20
4867 59
4868 81
4869 1
4870 22
4871 89
4872 18
4873 88
4874 60
4875 52
4876 18
4877 33
4878 53
4879 27
4880 24
4881 67
4882 68
4883 1
4884 82
4885 69
4886 67
4887 62
4888 80
4889 48
4890 80
4891 77
4892 22
4893 40
4894 14
4895 89
4896 34
4897 34
4898 0
4899 67
4900 87
4901 23
4902 56
4903 6
4904 11
4905 68
4906 10
4907 81
4908 2
4909 63
4910 8
4911 78
4912 30
4913 76
4914 79
4915 65
4916 97
4917 98
4918 79
4919 77
4920 46
4921 12
4922 7
4923 68
4924 52
4925 21
4926 10
4927 86
4928 7
4929 10
4930 53
4931 95
4932 33
4933 62
4934 53
4935 97
4936 30
4937 63
4938 78
4939 84
4940 26
4941 39
4942 62
4943 8
4944 67
4945 41
4946 25
4947 65
4948 91
4949 57
4950 94
4951 37
4952 69
4953 53
4954 6
4955 21
4956 74
4957 16
4958 60
4959 82
4960 78
4961 65
4962 29
4963 64
4964 27
4965 82
4966 61
4967 10
4968 45
4969 91
4970 46
4971 23
4972 82
4973 9
4974 83
4975 50
4976 2
4977 61
4978 67
4979 94
4980 18
4981 13
4982 83
4983 87
4984 67
4985 89
4986 8
4987 41
4988 57
4989 68
4990 75
4991 88
4992 34
4993 4
4994 52
4995 13
4996 86
4997 65
4998 75
4999 83
5000 8
5001 22
5002 58
5003 91
5004 31
5005 94
5006 93
5007 85
5008 55
5009 60
5010 31
5011 73
5012 73
5013 15
5014 60
5015 40
5016 56
5017 20
5018 34
5019 66
5020 89
5021 9
5022 54
5023 75
5024 66
5025 58
5026 40
5027 52
5028 23
5029 16
5030 88
5031 31
5032 38
5033 98
5034 74
5035 21
5036 92
5037 67
5038 58
5039 47
5040 79
5041 90
5042 20
5043 53
5044 5
5045 32
5046 45
5047 61
5048 53
5049 79
5050 27
5051 94
5052 41
5053 33
5054 21
5055 7
5056 91
5057 61
5058 11
5059 14
5060 29
5061 51
5062 98
5063 19
5064 50
5065 72
5066 40
5067 94
5068 92
5069 51
5070 42
5071 71
5072 41
5073 14
5074 76
5075 98
5076 47
5077 22
5078 11
5079 0
5080 53
5081 91
5082 46
5083 46
5084 24
5085 67
5086 53
5087 16
5088 28
5089 17
5090 82
5091 58
5092 68
5093 80
5094 77
5095 70
5096 5
5097 70
5098 65
5099 97
5100 73
5101 59
5102 20
5103 14
5104 25
5105 97
5106 64
5107 72
5108 71
5109 75
5110 24
5111 76
5112 66
5113 70
5114 23
5115 91
5116 37
5117 28
5118 59
5119 18
5120 45
5121 41
5122 76
5123 66
5124 74
5125 5
5126 88
5127 31
5128 75
5129 5
5130 80
5131 48
5132 16
5133 0
5134 14
5135 42
5136 49
5137 30
5138 14
5139 20
5140 6
5141 91
5142 97
5143 24
5144 13
5145 72
5146 67
5147 51
5148 0
5149 26
5150 69
5151 98
5152 20
5153 97
5154 16
5155 46
5156 2
5157 4
5158 29
5159 30
5160 62
5161 9
5162 30
5163 78
5164 61
5165 97
5166 20
5167 63
5168 27
5169 87
5170 83
5171 33
5172 30
5173 32
5174 58
5175 43
5176 4
5177 25
5178 46
5179 57
5180 4
5181 15
5182 55
5183 76
5184 64
5185 71
5186 22
5187 67
5188 27
5189 51
5190 49
5191 41
5192 12
5193 79
5194 20
5195 25
5196 76
5197 92
5198 88
5199 4
5200 31
5201 24
5202 89
5203 61
5204 56
5205 99
5206 57
5207 13
5208 77
5209 3
5210 70
5211 81
5212 71
5213 77
5214 9
5215 35
5216 0
5217 31
5218 54
5219 27
5220 34
5221 3
5222 69
5223 98
5224 35
5225 41
5226 23
5227 11
5228 85
5229 64
5230 67
5231 17
5232 88
5233 57
5234 30
5235 96
5236 8
5237 39
5238 9
5239 85
5240 43
5241 31
5242 18
5243 66
5244 8
5245 27
5246 1
5247 8
5248 10
5249 56
5250 88
5251 44
5252 11
5253 9
5254 94
5255 46
5256 50
5257 18
5258 58
5259 87
5260 82
5261 77
5262 4
5263 22
5264 86
5265 87
5266 18
5267 95
5268 26
5269 28
5270 80
5271 21
5272 11
5273 51
5274 87
5275 20
5276 78
5277 41
5278 28
5279 89
5280 97
5281 68
5282 85
5283 60
5284 77
5285 80
5286 7
5287 27
5288 50
5289 17
5290 15
5291 84
5292 94
5293 71
5294 6
5295 81
5296 10
5297 24
5298 28
5299 89
5300 4
5301 60
5302 10
5303 16
5304 11
5305 50
5306 88
5307 90
5308 91
5309 68
5310 31
5311 40
5312 37
5313 68
5314 0
5315 14
5316 48
5317 7
5318 94
5319 50
5320 24
5321 61
5322 34
5323 71
5324 32
5325 92
5326 4
5327 95
5328 69
5329 32
5330 84
5331 73
5332 92
5333 46
5334 41
5335 4
5336 96
5337 29
5338 46
5339 39
5340 98
5341 29
5342 79
5343 35
5344 97
5345 80
5346 1
5347 98
5348 39
5349 95
5350 48
5351 64
5352 56
5353 35
5354 87
5355 41
5356 27
5357 91
5358 36
5359 48
5360 23
5361 72
5362 22
5363 67
5364 70
5365 15
5366 23
5367 67
5368 97
5369 69
5370 58
5371 95
5372 50
5373 38
5374 82
5375 48
5376 70
5377 83
5378 46
5379 9
5380 31
5381 94
5382 73
5383 87
5384 81
5385 60
5386 80
5387 9
5388 51
5389 68
5390 57
5391 26
5392 40
5393 31
5394 94
5395 11
5396 99
5397 69
5398 30
5399 96
5400 91
5401 88
5402 43
5403 41
5404 78
5405 77
5406 89
5407 48
5408 12
5409 87
5410 58
5411 43
5412 34
5413 83
5414 83
5415 15
5416 44
5417 15
5418 76
5419 47
5420 84
5421 34
5422 26
5423 76
5424 17
5425 72
5426 39
5427 68
5428 41
5429 21
5430 64
5431 32
5432 62
5433 59
5434 74
5435 40
5436 36
5437 15
5438 89
5439 49
5440 3
5441 99
5442 92
5443 37
5444 82
5445 27
5446 52
5447 26
5448 43
5449 81
5450 26
5451 27
5452 15
5453 52
5454 55
5455 84
5456 76
5457 95
5458 53
5459 17
5460 16
5461 69
5462 2
5463 78
5464 29
5465 76
5466 71
5467 65
5468 43
5469 60
5470 66
5471 46
5472 59
5473 11
5474 35
5475 41
5476 38
5477 40
5478 20
5479 33
5480 21
5481 98
5482 12
5483 88
5484 2
5485 68
5486 24
5487 78
5488 15
5489 29
5490 47
5491 83
5492 99
5493 49
5494 14
5495 80
5496 25
5497 85
5498 97
5499 21
5500 97
5501 64
5502 19
5503 8
5504 75
5505 55
5506 1
5507 65
5508 47
5509 21
5510 99
5511 20
5512 71
5513 63
5514 8
5515 73
5516 31
5517 84
5518 3
5519 46
5520 14
5521 51
5522 82
5523 65
5524 0
5525 96
5526 45
5527 78
5528 81
5529 42
5530 99
5531 78
5532 58
5533 18
5534 86
5535 85
5536 25
5537 87
5538 3
5539 24
5540 61
5541 2
5542 44
5543 84
5544 17
5545 4
5546 58
5547 49
5548 89
5549 13
5550 47
5551 3
5552 64
5553 29
5554 68
5555 65
5556 25
5557 65
5558 43
5559 58
5560 7
5561 94
5562 36
5563 18
5564 12
5565 74
5566 3
5567 90
5568 14
5569 6
5570 14
5571 75
5572 60
5573 59
5574 11
5575 78
5576 63
5577 69
5578 79
5579 4
5580 83
5581 78
5582 59
5583 99
5584 8
5585 27
5586 64
5587 85
5588 44
5589 59
5590 96
5591 4
5592 5
5593 84
5594 22
5595 70
5596 59
5597 25
5598 60
5599 25
5600 84
5601 74
5602 52
5603 96
5604 85
5605 63
5606 26
5607 1
5608 33
5609 5
5610 5
5611 68
5612 84
5613 65
5614 67
5615 44
5616 44
5617 84
5618 81
5619 89
5620 95
5621 77
5622 45
5623 1
5624 62
5625 67
5626 71
5627 73
5628 44
5629 83
5630 98
5631 28
5632 9
5633 50
5634 77
5635 47
5636 13
5637 3
5638 48
5639 98
5640 9
5641 5
5642 66
5643 45
5644 22
5645 86
5646 41
5647 19
5648 70
5649 22
5650 8
5651 17
5652 52
5653 53
5654 18
5655 66
5656 72
5657 41
5658 39
5659 16
5660 24
5661 37
5662 97
5663 86
5664 87
5665 26
5666 33
5667 52
5668 29
5669 81
5670 51
5671 90
5672 38
5673 17
5674 35
5675 61
5676 55
5677 76
5678 80
5679 25
5680 51
5681 40
5682 43
5683 55
5684 45
5685 13
5686 21
5687 17
5688 55
5689 60
5690 85
5691 31
5692 49
5693 34
5694 69
5695 36
5696 60
5697 2
5698 40
5699 90
5700 35
5701 91
5702 80
5703 74
5704 61
5705 68
5706 35
5707 16
5708 96
5709 67
5710 94
5711 99
5712 7
5713 37
5714 54
5715 4
5716 2
5717 75
5718 73
5719 9
5720 87
5721 10
5722 93
5723 36
5724 45
5725 62
5726 24
5727 5
5728 65
5729 65
5730 47
5731 0
5732 56
5733 80
5734 26
5735 17
5736 0
5737 61
5738 34
5739 96
5740 80
5741 28
5742 48
5743 39
5744 17
5745 2
5746 43
5747 71
5748 30
5749 68
5750 81
5751 17
5752 79
5753 74
5754 54
5755 24
5756 36
5757 78
5758 81
5759 1
5760 43
5761 81
5762 54
5763 52
5764 13
5765 80
5766 21
5767 13
5768 94
5769 55
5770 61
5771 74
5772 35
5773 9
5774 66
5775 4
5776 64
5777 61
5778 76
5779 46
5780 30
5781 9
5782 63
5783 9
5784 83
5785 69
5786 85
5787 19
5788 0
5789 18
5790 73
5791 95
5792 99
5793 27
5794 47
5795 64
5796 59
5797 69
5798 77
5799 53
5800 76
5801 91
5802 80
5803 64
5804 52
5805 46
5806 20
5807 68
5808 7
5809 96
5810 14
5811 37
5812 57
5813 30
5814 98
5815 40
5816 99
5817 83
5818 12
5819 51
5820 54
5821 85
5822 47
5823 5
5824 64
5825 94
5826 70
5827 75
5828 15
5829 99
5830 29
5831 92
5832 90
5833 9
5834 8
5835 95
5836 7
5837 28
5838 63
5839 14
5840 77
5841 30
5842 4
5843 34
5844 60
5845 2
5846 27
5847 11
5848 38
5849 39
5850 63
5851 44
5852 76
5853 62
5854 49
5855 92
5856 8
5857 19
5858 67
5859 24
5860 19
5861 48
5862 68
5863 61
5864 9
5865 76
5866 8
5867 16
5868 56
5869 72
5870 83
5871 85
5872 54
5873 87
5874 20
5875 14
5876 41
5877 47
5878 77
5879 31
5880 38
5881 92
5882 75
5883 14
5884 54
5885 77
5886 6
5887 63
5888 96
5889 25
5890 39
5891 67
5892 74
5893 7
5894 81
5895 83
5896 35
5897 89
5898 0
5899 43
5900 13
5901 83
5902 29
5903 19
5904 22
5905 1
5906 85
5907 15
5908 0
5909 63
5910 99
5911 38
5912 7
5913 26
5914 4
5915 14
5916 3
5917 62
5918 29
5919 52
5920 87
5921 68
5922 71
5923 61
5924 27
5925 52
5926 45
5927 14
5928 94
5929 97
5930 57
5931 59
5932 32
5933 38
5934 79
5935 54
5936 91
5937 64
5938 21
5939 91
5940 79
5941 72
5942 81
5943 87
5944 99
5945 85
5946 1
5947 54
5948 47
5949 82
5950 6
5951 35
5952 50
5953 78
5954 96
5955 29
5956 82
5957 93
5958 43
5959 76
5960 90
5961 52
5962 36
5963 22
5964 43
5965 67
5966 28
5967 34
5968 31
5969 2
5970 78
5971 63
5972 74
5973 59
5974 50
5975 25
5976 45
5977 3
5978 80
5979 44
5980 85
5981 86
5982 79
5983 87
5984 16
5985 28
5986 68
5987 99
5988 73
5989 11
5990 75
5991 64
5992 15
5993 63
5994 38
5995 10
5996 30
5997 19
5998 45
5999 14
6000 21
6001 75
6002 29
6003 47
6004 34
6005 79
6006 73
6007 79
6008 34
6009 5
6010 76
6011 71
6012 43
6013 55
6014 10
6015 60
6016 35
6017 78
6018 59
6019 9
6020 41
6021 34
6022 25
6023 56
6024 50
6025 15
6026 19
6027 32
6028 34
6029 16
6030 98
6031 7
6032 91
6033 27
6034 7
6035 25
6036 58
6037 32
6038 57
6039 44
6040 37
6041 33
6042 15
6043 80
6044 40
6045 25
6046 40
6047 76
6048 3
6049 99
6050 37
6051 96
6052 86
6053 14
6054 5
6055 88
6056 29
6057 24
6058 20
6059 16
6060 40
6061 19
6062 75
6063 31
6064 46
6065 82
6066 8
6067 57
6068 14
6069 65
6070 1
6071 3
6072 50
6073 17
6074 36
6075 91
6076 94
6077 76
6078 19
6079 50
6080 28
6081 8
6082 46
6083 66
6084 22
6085 51
6086 54
6087 3
6088 75
6089 74
6090 19
6091 67
6092 45
6093 95
6094 50
6095 44
6096 77
6097 59
6098 1
6099 44
6100 76
6101 2
6102 47
6103 27
6104 71
6105 35
6106 70
6107 66
6108 12
6109 89
6110 68
6111 92
6112 97
6113 14
6114 10
6115 71
6116 18
6117 64
6118 74
6119 93
6120 90
6121 94
6122 13
6123 36
6124 41
6125 63
6126 32
6127 70
6128 22
6129 33
6130 14
6131 99
6132 35
6133 14
6134 78
6135 59
6136 49
6137 48
6138 25
6139 13
6140 89
6141 93
6142 57
6143 38
6144 59
6145 67
6146 9
6147 77
6148 83
6149 35
6150 23
6151 74
6152 81
6153 36
6154 62
6155 22
6156 99
6157 94
6158 93
6159 74
6160 27
6161 59
6162 25
6163 14
6164 73
6165 55
6166 73
6167 75
6168 3
6169 50
6170 88
6171 44
6172 43
6173 98
6174 82
6175 55
6176 65
6177 43
6178 32
6179 49
6180 78
6181 55
6182 75
6183 60
6184 43
6185 37
6186 82
6187 95
6188 83
6189 27
6190 69
6191 10
6192 87
6193 46
6194 76
6195 12
6196 1
6197 2
6198 87
6199 56
6200 52
6201 28
6202 0
6203 48
6204 26
6205 34
6206 3
6207 43
6208 77
6209 87
6210 92
6211 55
6212 43
6213 67
6214 67
6215 38
6216 56
6217 50
6218 33
6219 39
6220 29
6221 54
6222 1
6223 16
6224 52
6225 78
6226 29
6227 53
6228 80
6229 16
6230 61
6231 32
6232 96
6233 13
6234 32
6235 22
6236 47
6237 35
6238 66
6239 76
6240 23
6241 10
6242 32
6243 18
6244 78
6245 51
6246 8
6247 86
6248 1
6249 42
6250 26
6251 31
6252 48
6253 27
6254 99
6255 1
6256 5
6257 28
6258 6
6259 37
6260 97
6261 68
6262 22
6263 93
6264 81
6265 54
6266 16
6267 81
6268 42
6269 34
6270 57
6271 17
6272 44
6273 41
6274 87
6275 74
6276 93
6277 95
6278 61
6279 46
6280 89
6281 39
6282 29
6283 38
6284 66
6285 29
6286 39
6287 24
6288 57
6289 45
6290 13
6291 6
6292 13
6293 35
6294 0
6295 47
6296 42
6297 68
6298 80
6299 36
6300 2
6301 37
6302 53
6303 98
6304 31
6305 40
6306 73
6307 24
6308 87
6309 86
6310 70
6311 77
6312 25
6313 52
6314 15
6315 43
6316 81
6317 54
6318 67
6319 90
6320 51
6321 81
6322 97
6323 17
6324 68
6325 49
6326 64
6327 10
6328 17
6329 96
6330 46
6331 71
6332 85
6333 51
6334 69
6335 16
6336 43
6337 94
6338 40
6339 31
6340 32
6341 63
6342 60
6343 9
6344 15
6345 75
6346 53
6347 48
6348 81
6349 72
6350 38
6351 32
6352 53
6353 87
6354 49
6355 74
6356 36
6357 65
6358 84
6359 5
6360 61
6361 83
6362 28
6363 47
6364 34
6365 50
6366 63
6367 78
6368 96
6369 56
6370 61
6371 29
6372 71
6373 21
6374 38
6375 38
6376 48
6377 43
6378 86
6379 29
6380 16
6381 76
6382 13
6383 21
6384 64
6385 63
6386 95
6387 52
6388 28
6389 32
6390 10
6391 42
6392 15
6393 38
6394 41
6395 1
6396 88
6397 4
6398 31
6399 85
6400 12
6401 92
6402 66
6403 83
6404 65
6405 56
6406 73
6407 13
6408 0
6409 59
6410 94
6411 68
6412 36
6413 8
6414 89
6415 52
6416 71
6417 85
6418 56
6419 51
6420 17
6421 66
6422 45
6423 84
6424 57
6425 86
6426 85
6427 97
6428 43
6429 17
6430 34
6431 55
6432 61
6433 0
6434 91
6435 79
6436 9
6437 64
6438 92
6439 61
6440 76
6441 39
6442 29
6443 64
6444 47
6445 70
6446 16
6447 70
6448 7
6449 24
6450 73
6451 76
6452 43
6453 19
6454 60
6455 0
6456 57
6457 98
6458 49
6459 0
6460 15
6461 84
6462 8
6463 28
6464 36
6465 51
6466 7
6467 97
6468 67
6469 52
6470 58
6471 43
6472 43
6473 39
6474 7
6475 90
6476 10
6477 75
6478 12
6479 17
6480 0
6481 37
6482 94
6483 43
6484 8
6485 54
6486 95
6487 66
6488 4
6489 44
6490 18
6491 71
6492 80
6493 26
6494 0
6495 17
6496 29
6497 59
6498 14
6499 49
6500 63
6501 25
6502 92
6503 6
6504 64
6505 52
6506 48
6507 74
6508 79
6509 12
6510 44
6511 31
6512 50
6513 90
6514 74
6515 10
6516 44
6517 21
6518 76
6519 1
6520 66
6521 47
6522 72
6523 46
6524 73
6525 72
6526 15
6527 55
6528 84
6529 82
6530 4
6531 47
6532 59
6533 48
6534 6
6535 23
6536 52
6537 54
6538 50
6539 84
6540 19
6541 46
6542 15
6543 69
6544 36
6545 90
6546 79
6547 32
6548 63
6549 8
6550 33
6551 29
6552 55
6553 6
6554 28
6555 80
6556 30
6557 95
6558 87
6559 14
6560 29
6561 91
6562 14
6563 88
6564 92
6565 20
6566 12
6567 44
6568 26
6569 14
6570 28
6571 45
6572 60
6573 44
6574 66
6575 96
6576 86
6577 98
6578 28
6579 49
6580 6
6581 14
6582 31
6583 13
6584 20
6585 11
6586 45
6587 50
6588 6
6589 33
6590 17
6591 36
6592 24
6593 31
6594 24
6595 16
6596 3
6597 88
6598 13
6599 81
6600 54
6601 41
6602 79
6603 14
6604 37
6605 45
6606 62
6607 75
6608 43
6609 43
6610 25
6611 1
6612 57
6613 8
6614 14
6615 77
6616 19
6617 60
6618 79
6619 77
6620 45
6621 96
6622 65
6623 69
6624 79
6625 90
6626 38
6627 34
6628 30
6629 51
6630 16
6631 85
6632 44
6633 95
6634 51
6635 34
6636 92
6637 14
6638 9
6639 88
6640 9
6641 86
6642 89
6643 66
6644 94
6645 56
6646 95
6647 65
6648 68
6649 26
6650 43
6651 13
6652 75
6653 8
6654 34
6655 54
6656 50
6657 72
6658 41
6659 33
6660 75
6661 9
6662 18
6663 72
6664 56
6665 21
6666 6
6667 48
6668 87
6669 15
6670 36
6671 96
6672 2
6673 78
6674 14
6675 48
6676 34
6677 61
6678 66
6679 54
6680 88
6681 9
6682 67
6683 63
6684 69
6685 1
6686 69
6687 72
6688 26
6689 62
6690 5
6691 53
6692 71
6693 75
6694 25
6695 27
6696 48
6697 31
6698 76
6699 36
6700 99
6701 64
6702 84
6703 53
6704 42
6705 99
6706 53
6707 28
6708 60
6709 19
6710 82
6711 0
6712 80
6713 1
6714 63
6715 2
6716 55
6717 85
6718 74
6719 33
6720 47
6721 31
6722 86
6723 19
6724 58
6725 12
6726 98
6727 6
6728 95
6729 74
6730 94
6731 94
6732 91
6733 79
6734 99
6735 85
6736 30
6737 53
6738 14
6739 42
6740 72
6741 48
6742 43
6743 53
6744 50
6745 58
6746 55
6747 5
6748 43
6749 81
6750 38
6751 43
6752 64
6753 76
6754 14
6755 74
6756 40
6757 12
6758 80
6759 36
6760 39
6761 27
6762 82
6763 30
6764 58
6765 82
6766 15
6767 88
6768 87
6769 29
6770 30
6771 59
6772 78
6773 25
6774 64
6775 80
6776 84
6777 71
6778 37
6779 79
6780 4
6781 27
6782 22
6783 68
6784 3
6785 36
6786 42
6787 44
6788 49
6789 75
6790 80
6791 88
6792 54
6793 14
6794 18
6795 12
6796 48
6797 85
6798 52
6799 35
6800 67
6801 34
6802 47
6803 97
6804 60
6805 63
6806 77
6807 44
6808 35
6809 14
6810 23
6811 91
6812 41
6813 98
6814 12
6815 96
6816 34
6817 54
6818 40
6819 35
6820 81
6821 72
6822 23
6823 35
6824 87
6825 93
6826 99
6827 87
6828 79
6829 51
6830 75
6831 98
6832 86
6833 22
6834 95
6835 98
6836 85
6837 72
6838 42
6839 72
6840 38
6841 17
6842 16
6843 31
6844 15
6845 28
6846 27
6847 2
6848 82
6849 68
6850 37
6851 16
6852 92
6853 13
6854 3
6855 79
6856 6
6857 3
6858 19
6859 37
6860 6
6861 94
6862 35
6863 44
6864 16
6865 30
6866 42
6867 53
6868 54
6869 84
6870 78
6871 92
6872 54
6873 94
6874 23
6875 21
6876 22
6877 3
6878 23
6879 56
6880 71
6881 13
6882 72
6883 63
6884 26
6885 28
6886 95
6887 84
6888 31
6889 66
6890 74
6891 89
6892 60
6893 9
6894 34
6895 28
6896 92
6897 76
6898 33
6899 98
6900 13
6901 11
6902 43
6903 67
6904 57
6905 18
6906 88
6907 79
6908 21
6909 64
6910 88
6911 92
6912 77
6913 12
6914 8
6915 55
6916 40
6917 55
6918 39
6919 71
6920 21
6921 13
6922 61
6923 33
6924 75
6925 47
6926 61
6927 19
6928 23
6929 94
6930 17
6931 36
6932 58
6933 60
6934 55
6935 15
6936 79
6937 96
6938 47
6939 52
6940 60
6941 35
6942 97
6943 89
6944 99
6945 5
6946 96
6947 40
6948 12
6949 35
6950 11
6951 33
6952 1
6953 24
6954 66
6955 76
6956 71
6957 79
6958 47
6959 47
6960 25
6961 64
6962 35
6963 35
6964 77
6965 91
6966 51
6967 56
6968 87
6969 50
6970 60
6971 99
6972 37
6973 57
6974 40
6975 36
6976 62
6977 36
6978 76
6979 26
6980 23
6981 40
6982 59
6983 24
6984 16
6985 77
6986 52
6987 40
6988 8
6989 99
6990 87
6991 34
6992 16
6993 22
6994 69
6995 93
6996 65
6997 72
6998 1
6999 52
7000 74
7001 61
7002 3
7003 63
7004 19
7005 95
7006 0
7007 33
7008 83
7009 28
7010 60
7011 7
7012 20
7013 71
7014 83
7015 37
7016 1
7017 88
7018 29
7019 9
7020 39
7021 68
7022 95
7023 55
7024 90
7025 65
7026 0
7027 56
7028 89
7029 53
7030 60
7031 64
7032 15
7033 16
7034 79
7035 86
7036 11
7037 79
7038 19
7039 95
7040 60
7041 31
7042 54
7043 80
7044 3
7045 37
7046 69
7047 56
7048 77
7049 50
7050 65
7051 17
7052 18
7053 61
7054 24
7055 61
7056 78
7057 25
7058 17
7059 19
7060 78
7061 29
7062 35
7063 45
7064 97
7065 15
7066 31
7067 61
7068 46
7069 3
7070 56
7071 6
7072 86
7073 62
7074 39
7075 41
7076 51
7077 60
7078 97
7079 29
7080 11
7081 63
7082 46
7083 81
7084 76
7085 22
7086 42
7087 6
7088 99
7089 11
7090 25
7091 30
7092 41
7093 61
7094 75
7095 90
7096 76
7097 59
7098 51
7099 74
7100 14
7101 7
7102 81
7103 0
7104 21
7105 72
7106 94
7107 73
7108 84
7109 91
7110 2
7111 95
7112 54
7113 0
7114 29
7115 82
7116 22
7117 71
7118 88
7119 74
7120 83
7121 14
7122 4
7123 76
7124 27
7125 31
7126 66
7127 3
7128 90
7129 18
7130 77
7131 56
7132 77
7133 10
7134 9
7135 99
7136 34
7137 3
7138 72
7139 19
7140 94
7141 74
7142 66
7143 1
7144 26
7145 95
7146 83
7147 48
7148 67
7149 24
7150 74
7151 50
7152 38
7153 78
7154 26
7155 65
7156 10
7157 44
7158 20
7159 52
7160 62
7161 49
7162 9
7163 40
7164 12
7165 70
7166 91
7167 46
7168 25
7169 63
7170 65
7171 19
7172 89
7173 84
7174 72
7175 15
7176 79
7177 8
7178 15
7179 98
7180 32
7181 90
7182 48
7183 22
7184 68
7185 26
7186 39
7187 30
7188 23
7189 11
7190 83
7191 85
7192 12
7193 44
7194 77
7195 24
7196 66
7197 68
7198 23
7199 91
7200 31
7201 40
7202 62
7203 72
7204 24
7205 35
7206 87
7207 4
7208 95
7209 55
7210 2
7211 79
7212 97
7213 3
7214 1
7215 17
7216 81
7217 92
7218 48
7219 4
7220 3
7221 83
7222 42
7223 67
7224 79
7225 19
7226 92
7227 45
7228 88
7229 15
7230 88
7231 71
7232 55
7233 50
7234 96
7235 80
7236 37
7237 35
7238 36
7239 32
7240 90
7241 90
7242 11
7243 87
7244 93
7245 64
7246 5
7247 27
7248 8
7249 5
7250 31
7251 11
7252 88
7253 73
7254 79
7255 19
7256 45
7257 23
7258 64
7259 85
7260 90
7261 52
7262 56
7263 45
7264 54
7265 4
7266 77
7267 92
7268 40
7269 65
7270 24
7271 30
7272 56
7273 88
7274 70
7275 1
7276 4
7277 75
7278 28
7279 13
7280 32
7281 12
7282 76
7283 20
7284 37
7285 7
7286 39
7287 34
7288 30
7289 55
7290 19
7291 72
7292 59
7293 28
7294 18
7295 13
7296 32
7297 47
7298 5
7299 72
7300 13
7301 82
7302 3
7303 69
7304 22
7305 73
7306 22
7307 26
7308 0
7309 3
7310 91
7311 32
7312 15
7313 68
7314 4
7315 4
7316 27
7317 95
7318 39
7319 10
7320 50
7321 58
7322 82
7323 61
7324 38
7325 0
7326 74
7327 71
7328 0
7329 32
7330 43
7331 13
7332 66
7333 98
7334 34
7335 88
7336 23
7337 8
7338 66
7339 75
7340 11
7341 10
7342 7
7343 78
7344 30
7345 63
7346 83
7347 57
7348 58
7349 74
7350 67
7351 60
7352 84
7353 50
7354 21
7355 23
7356 2
7357 48
7358 94
7359 2
7360 80
7361 89
7362 67
7363 98
7364 88
7365 53
7366 38
7367 11
7368 62
7369 56
7370 87
7371 25
7372 66
7373 46
7374 4
7375 96
7376 62
7377 39
7378 54
7379 72
7380 13
7381 73
7382 33
7383 97
7384 23
7385 6
7386 20
7387 26
7388 6
7389 66
7390 80
7391 38
7392 56
7393 0
7394 36
7395 44
7396 5
7397 74
7398 7
7399 19
7400 83
7401 46
7402 45
7403 49
7404 45
7405 49
7406 98
7407 7
7408 40
7409 52
7410 79
7411 53
7412 25
7413 64
7414 50
7415 1
7416 23
7417 23
7418 79
7419 29
7420 89
7421 11
7422 68
7423 45
7424 11
7425 4
7426 41
7427 69
7428 31
7429 49
7430 88
7431 14
7432 47
7433 85
7434 15
7435 92
7436 86
7437 13
7438 99
7439 26
7440 65
7441 31
7442 79
7443 43
7444 47
7445 82
7446 96
7447 70
7448 57
7449 75
7450 0
7451 98
7452 86
7453 68
7454 44
7455 50
7456 24
7457 37
7458 71
7459 7
7460 86
7461 59
7462 21
7463 34
7464 45
7465 37
7466 78
7467 83
7468 50
7469 30
7470 10
7471 68
7472 61
7473 41
7474 63
7475 8
7476 23
7477 59
7478 31
7479 32
7480 86
7481 31
7482 31
7483 24
7484 51
7485 27
7486 74
7487 27
7488 64
7489 45
7490 35
7491 51
7492 57
7493 8
7494 37
7495 54
7496 45
7497 15
7498 37
7499 48
7500 45
7501 99
7502 68
7503 58
7504 41
7505 31
7506 19
7507 16
7508 42
7509 50
7510 49
7511 28
7512 33
7513 80
7514 4
7515 36
7516 7
7517 31
7518 63
7519 71
7520 28
7521 50
7522 74
7523 85
7524 59
7525 63
7526 91
7527 56
7528 31
7529 29
7530 56
7531 76
7532 28
7533 24
7534 87
7535 21
7536 7
7537 6
7538 38
7539 49
7540 8
7541 87
7542 29
7543 93
7544 19
7545 34
7546 81
7547 78
7548 65
7549 96
7550 1
7551 93
7552 47
7553 76
7554 31
7555 58
7556 91
7557 22
7558 14
7559 22
7560 3
7561 71
7562 51
7563 84
7564 47
7565 38
7566 5
7567 55
7568 96
7569 95
7570 56
7571 56
7572 34
7573 38
7574 49
7575 53
7576 24
7577 82
7578 83
7579 89
7580 78
7581 85
7582 34
7583 25
7584 13
7585 17
7586 35
7587 4
7588 40
7589 2
7590 27
7591 95
7592 25
7593 78
7594 31
7595 72
7596 68
7597 89
7598 79
7599 64
7600 84
7601 36
7602 72
7603 19
7604 74
7605 73
7606 24
7607 98
7608 55
7609 8
7610 39
7611 33
7612 93
7613 25
7614 11
7615 6
7616 43
7617 46
7618 62
7619 35
7620 48
7621 41
7622 82
7623 25
7624 19
7625 14
7626 98
7627 39
7628 55
7629 77
7630 55
7631 39
7632 65
7633 27
7634 10
7635 91
7636 0
7637 35
7638 41
7639 55
7640 95
7641 80
7642 41
7643 40
7644 58
7645 52
7646 98
7647 53
7648 50
7649 60
7650 88
7651 51
7652 2
7653 22
7654 76
7655 73
7656 36
7657 74
7658 13
7659 43
7660 4
7661 20
7662 83
7663 69
7664 48
7665 45
7666 13
7667 48
7668 32
7669 54
7670 56
7671 27
7672 87
7673 97
7674 67
7675 45
7676 1
7677 65
7678 98
7679 51
7680 78
7681 38
7682 2
7683 80
7684 60
7685 31
7686 5
7687 49
7688 57
7689 70
7690 92
7691 61
7692 91
7693 27
7694 83
7695 39
7696 73
7697 96
7698 39
7699 57
7700 50
7701 95
7702 85
7703 89
7704 92
7705 4
7706 34
7707 45
7708 22
7709 84
7710 97
7711 0
7712 22
7713 51
7714 80
7715 35
7716 82
7717 37
7718 84
7719 40
7720 8
7721 28
7722 53
7723 99
7724 56
7725 88
7726 38
7727 81
7728 36
7729 29
7730 38
7731 39
7732 25
7733 75
7734 28
7735 69
7736 80
7737 63
7738 15
7739 2
7740 47
7741 64
7742 2
7743 22
7744 15
7745 34
7746 57
7747 98
7748 23
7749 41
7750 90
7751 31
7752 21
7753 43
7754 30
7755 77
7756 84
7757 20
7758 10
7759 20
7760 2
7761 1
7762 59
7763 27
7764 76
7765 88
7766 48
7767 8
7768 51
7769 15
7770 10
7771 50
7772 79
7773 64
7774 72
7775 95
7776 50
7777 29
7778 45
7779 74
7780 22
7781 35
7782 57
7783 44
7784 30
7785 88
7786 73
7787 14
7788 60
7789 84
7790 35
7791 62
7792 85
7793 94
7794 41
7795 13
7796 34
7797 42
7798 22
7799 85
7800 57
7801 84
7802 88
7803 37
7804 49
7805 60
7806 84
7807 51
7808 42
7809 81
7810 25
7811 64
7812 68
7813 83
7814 8
7815 98
7816 23
7817 82
7818 65
7819 35
7820 18
7821 52
7822 50
7823 55
7824 98
7825 91
7826 68
7827 33
7828 85
7829 90
7830 18
7831 43
7832 75
7833 58
7834 32
7835 76
7836 19
7837 68
7838 27
7839 61
7840 49
7841 5
7842 77
7843 17
7844 88
7845 86
7846 15
7847 63
7848 20
7849 32
7850 50
7851 90
7852 84
7853 0
7854 45
7855 83
7856 44
7857 13
7858 16
7859 29
7860 56
7861 86
7862 24
7863 31
7864 97
7865 56
7866 59
7867 16
7868 24
7869 86
7870 29
7871 73
7872 91
7873 6
7874 90
7875 31
7876 44
7877 58
7878 46
7879 16
7880 42
7881 97
7882 6
7883 79
7884 49
7885 3
7886 62
7887 93
7888 17
7889 30
7890 75
7891 73
7892 68
7893 99
7894 56
7895 65
7896 8
7897 67
7898 33
7899 32
7900 53
7901 14
7902 58
7903 97
7904 73
7905 0
7906 80
7907 69
7908 10
7909 79
7910 86
7911 53
7912 28
7913 44
7914 32
7915 77
7916 48
7917 46
7918 23
7919 65
7920 28
7921 98
7922 90
7923 48
7924 97
7925 98
7926 66
7927 5
7928 65
7929 51
7930 90
7931 70
7932 66
7933 48
7934 19
7935 91
7936 0
7937 52
7938 60
7939 11
7940 31
7941 46
7942 16
7943 11
7944 91
7945 0
7946 88
7947 91
7948 98
7949 11
7950 8
7951 78
7952 9
7953 50
7954 26
7955 59
7956 48
7957 44
7958 16
7959 65
7960 48
7961 58
7962 87
7963 14
7964 58
7965 59
7966 57
7967 59
7968 11
7969 17
7970 70
7971 94
7972 64
7973 38
7974 5
7975 7
7976 38
7977 45
7978 98
7979 36
7980 57
7981 58
7982 14
7983 18
7984 8
7985 92
7986 29
7987 56
7988 37
7989 98
7990 73
7991 37
7992 56
7993 60
7994 3
7995 15
7996 71
7997 60
7998 74
7999 82
8000 77
8001 96
8002 28
8003 41
8004 34
8005 85
8006 0
8007 24
8008 31
8009 50
8010 60
8011 40
8012 8
8013 26
8014 58
8015 16
8016 18
8017 40
8018 24
8019 7
8020 38
8021 97
8022 44
8023 94
8024 10
8025 47
8026 9
8027 81
8028 7
8029 35
8030 16
8031 85
8032 31
8033 44
8034 78
8035 17
8036 30
8037 31
8038 41
8039 13
8040 81
8041 1
8042 53
8043 42
8044 79
8045 63
8046 58
8047 98
8048 3
8049 83
8050 57
8051 41
8052 32
8053 54
8054 88
8055 94
8056 1
8057 97
8058 28
8059 61
8060 85
8061 96
8062 98
8063 16
8064 92
8065 28
8066 34
8067 74
8068 59
8069 27
8070 87
8071 93
8072 29
8073 40
8074 35
8075 8
8076 4
8077 45
8078 58
8079 7
8080 80
8081 68
8082 1
8083 13
8084 22
8085 89
8086 59
8087 75
8088 38
8089 87
8090 88
8091 23
8092 83
8093 86
8094 92
8095 28
8096 67
8097 78
8098 2
8099 26
8100 5
8101 90
8102 71
8103 86
8104 82
8105 6
8106 47
8107 86
8108 52
8109 57
8110 46
8111 32
8112 25
8113 99
8114 97
8115 47
8116 40
8117 9
8118 23
8119 78
8120 96
8121 11
8122 54
8123 32
8124 50
8125 98
8126 12
8127 17
8128 76
8129 14
8130 95
8131 33
8132 56
8133 19
8134 72
8135 39
8136 25
8137 19
8138 77
8139 29
8140 28
8141 75
8142 14
8143 54
8144 74
8145 63
8146 1
8147 14
8148 72
8149 76
8150 45
8151 21
8152 40
8153 99
8154 5
8155 42
8156 49
8157 17
8158 59
8159 77
8160 31
8161 6
8162 10
8163 88
8164 25
8165 34
8166 79
8167 3
8168 53
8169 56
8170 84
8171 82
8172 32
8173 50
8174 88
8175 58
8176 14
8177 41
8178 25
8179 38
8180 18
8181 70
8182 59
8183 10
8184 21
8185 16
8186 52
8187 70
8188 33
8189 63
8190 47
8191 17
8192 69
8193 9
8194 57
8195 47
8196 44
8197 36
8198 50
8199 49
8200 44
8201 86
8202 83
8203 28
8204 37
8205 71
8206 87
8207 51
8208 65
8209 12
8210 41
8211 83
8212 34
8213 53
8214 45
8215 55
8216 69
8217 97
8218 77
8219 55
8220 60
8221 76
8222 72
8223 81
8224 85
8225 29
8226 80
8227 81
8228 65
8229 30
8230 83
8231 61
8232 17
8233 66
8234 90
8235 6
8236 90
8237 77
8238 9
8239 55
8240 41
8241 50
8242 90
8243 75
8244 3
8245 35
8246 82
8247 25
8248 84
8249 59
8250 80
8251 96
8252 35
8253 52
8254 77
8255 72
8256 81
8257 58
8258 54
8259 98
8260 40
8261 37
8262 59
8263 9
8264 55
8265 1
8266 15
8267 97
8268 78
8269 24
8270 4
8271 71
8272 27
8273 94
8274 46
8275 82
8276 81
8277 80
8278 7
8279 65
8280 39
8281 87
8282 61
8283 26
8284 39
8285 91
8286 99
8287 72
8288 1
8289 5
8290 22
8291 93
8292 94
8293 34
8294 55
8295 1
8296 35
8297 70
8298 99
8299 66
8300 47
8301 3
8302 37
8303 26
8304 50
8305 36
8306 8
8307 31
8308 16
8309 16
8310 97
8311 8
8312 3
8313 10
8314 34
8315 43
8316 53
8317 85
8318 67
8319 54
8320 42
8321 90
8322 48
8323 36
8324 24
8325 55
8326 38
8327 59
8328 25
8329 89
8330 25
8331 24
8332 92
8333 15
8334 2
8335 94
8336 51
8337 11
8338 26
8339 19
8340 79
8341 75
8342 27
8343 82
8344 37
8345 14
8346 77
8347 91
8348 99
8349 45
8350 45
8351 94
8352 35
8353 45
8354 30
8355 11
8356 0
8357 20
8358 22
8359 78
8360 61
8361 48
8362 54
8363 54
8364 15
8365 9
8366 0
8367 18
8368 20
8369 26
8370 37
8371 99
8372 1
8373 65
8374 33
8375 39
8376 31
8377 11
8378 82
8379 82
8380 56
8381 79
8382 76
8383 43
8384 77
8385 59
8386 54
8387 29
8388 79
8389 76
8390 59
8391 41
8392 76
8393 14
8394 47
8395 43
8396 23
8397 47
8398 61
8399 95
8400 26
8401 99
8402 46
8403 79
8404 16
8405 79
8406 70
8407 47
8408 90
8409 52
8410 81
8411 98
8412 32
8413 58
8414 93
8415 9
8416 17
8417 99
8418 38
8419 48
8420 28
8421 98
8422 89
8423 56
8424 64
8425 88
8426 0
8427 39
8428 88
8429 61
8430 86
8431 14
8432 12
8433 32
8434 93
8435 80
8436 11
8437 64
8438 27
8439 54
8440 16
8441 9
8442 4
8443 0
8444 19
8445 98
8446 9
8447 36
8448 97
8449 0
8450 84
8451 25
8452 50
8453 26
8454 82
8455 14
8456 14
8457 82
8458 5
8459 2
8460 95
8461 91
8462 16
8463 60
8464 23
8465 62
8466 40
8467 86
8468 26
8469 20
8470 40
8471 42
8472 81
8473 45
8474 43
8475 0
8476 95
8477 4
8478 88
8479 92
8480 56
8481 72
8482 70
8483 6
8484 50
8485 4
8486 20
8487 65
8488 86
8489 77
8490 19
8491 33
8492 68
8493 88
8494 93
8495 91
8496 50
8497 34
8498 30
8499 76
8500 6
8501 70
8502 70
8503 87
8504 67
8505 65
8506 87
8507 62
8508 22
8509 75
8510 7
8511 78
8512 99
8513 77
8514 85
8515 50
8516 81
8517 57
8518 67
8519 19
8520 35
8521 86
8522 4
8523 55
8524 74
8525 98
8526 99
8527 76
8528 84
8529 29
8530 4
8531 90
8532 51
8533 75
8534 77
8535 19
8536 92
8537 16
8538 81
8539 14
8540 43
8541 88
8542 45
8543 42
8544 17
8545 82
8546 92
8547 98
8548 39
8549 59
8550 17
8551 26
8552 98
8553 22
8554 82
8555 24
8556 72
8557 33
8558 1
8559 8
8560 62
8561 5
8562 50
8563 13
8564 32
8565 79
8566 84
8567 77
8568 95
8569 18
8570 43
8571 38
8572 6
8573 88
8574 32
8575 76
8576 70
8577 25
8578 74
8579 62
8580 36
8581 44
8582 88
8583 86
8584 18
8585 22
8586 11
8587 90
8588 7
8589 64
8590 50
8591 69
8592 21
8593 0
8594 35
8595 6
8596 79
8597 19
8598 83
8599 74
8600 89
8601 26
8602 64
8603 96
8604 15
8605 96
8606 24
8607 37
8608 73
8609 98
8610 99
8611 62
8612 94
8613 40
8614 0
8615 12
8616 62
8617 11
8618 54
8619 22
8620 27
8621 4
8622 91
8623 49
8624 4
8625 78
8626 55
8627 35
8628 50
8629 90
8630 9
8631 39
8632 16
8633 25
8634 87
8635 83
8636 74
8637 11
8638 21
8639 47
8640 62
8641 20
8642 61
8643 56
8644 12
8645 62
8646 69
8647 27
8648 25
8649 75
8650 49
8651 53
8652 80
8653 40
8654 54
8655 36
8656 71
8657 61
8658 72
8659 21
8660 51
8661 33
8662 12
8663 67
8664 59
8665 0
8666 3
8667 33
8668 63
8669 24
8670 32
8671 25
8672 96
8673 94
8674 82
8675 9
8676 8
8677 3
8678 36
8679 33
8680 78
8681 85
8682 86
8683 10
8684 77
8685 92
8686 47
8687 0
8688 53
8689 19
8690 21
8691 56
8692 52
8693 34
8694 76
8695 63
8696 86
8697 79
8698 48
8699 49
8700 3
8701 81
8702 75
8703 51
8704 27
8705 9
8706 60
8707 35
8708 64
8709 48
8710 68
8711 42
8712 85
8713 7
8714 53
8715 63
8716 51
8717 52
8718 63
8719 5
8720 23
8721 37
8722 13
8723 75
8724 23
8725 89
8726 91
8727 61
8728 68
8729 39
8730 10
8731 23
8732 72
8733 37
8734 75
8735 99
8736 98
8737 87
8738 86
8739 62
8740 36
8741 55
8742 57
8743 73
8744 14
8745 62
8746 36
8747 65
8748 14
8749 52
8750 22
8751 37
8752 41
8753 36
8754 64
8755 16
8756 25
8757 55
8758 77
8759 46
8760 47
8761 87
8762 21
8763 19
8764 77
8765 96
8766 71
8767 75
8768 36
8769 57
8770 90
8771 24
8772 64
8773 47
8774 97
8775 78
8776 9
8777 86
8778 44
8779 23
8780 90
8781 66
8782 12
8783 83
8784 54
8785 76
8786 99
8787 80
8788 84
8789 76
8790 78
8791 83
8792 15
8793 99
8794 54
8795 44
8796 48
8797 25
8798 20
8799 84
8800 35
8801 10
8802 8
8803 99
8804 9
8805 57
8806 30
8807 18
8808 95
8809 26
8810 93
8811 85
8812 44
8813 5
8814 68
8815 99
8816 33
8817 67
8818 79
8819 69
8820 95
8821 9
8822 52
8823 11
8824 8
8825 7
8826 55
8827 56
8828 84
8829 27
8830 40
8831 71
8832 89
8833 0
8834 23
8835 98
8836 10
8837 53
8838 68
8839 5
8840 79
8841 61
8842 91
8843 23
8844 18
8845 11
8846 22
8847 52
8848 79
8849 53
8850 21
8851 26
8852 62
8853 26
8854 89
8855 23
8856 33
8857 45
8858 79
8859 69
8860 24
8861 72
8862 41
8863 66
8864 24
8865 64
8866 16
8867 34
8868 69
8869 85
8870 92
8871 48
8872 98
8873 83
8874 23
8875 69
8876 46
8877 46
8878 21
8879 77
8880 51
8881 94
8882 4
8883 66
8884 20
8885 93
8886 89
8887 5
8888 90
8889 20
8890 27
8891 67
8892 92
8893 20
8894 33
8895 69
8896 84
8897 49
8898 55
8899 5
8900 86
8901 47
8902 53
8903 37
8904 82
8905 28
8906 6
8907 29
8908 26
8909 79
8910 6
8911 78
8912 73
8913 62
8914 96
8915 46
8916 56
8917 85
8918 3
8919 98
8920 57
8921 30
8922 65
8923 50
8924 2
8925 98
8926 71
8927 38
8928 0
8929 26
8930 43
8931 38
8932 74
8933 96
8934 75
8935 56
8936 77
8937 33
8938 37
8939 3
8940 12
8941 44
8942 81
8943 38
8944 58
8945 77
8946 36
8947 14
8948 14
8949 39
8950 13
8951 72
8952 22
8953 30
8954 74
8955 24
8956 81
8957 45
8958 63
8959 81
8960 23
8961 58
8962 71
8963 97
8964 55
8965 47
8966 6
8967 84
8968 80
8969 43
8970 87
8971 45
8972 39
8973 69
8974 83
8975 98
8976 98
8977 19
8978 64
8979 65
8980 58
8981 29
8982 37
8983 32
8984 60
8985 11
8986 9
8987 41
8988 8
8989 24
8990 74
8991 31
8992 82
8993 45
8994 81
8995 89
8996 44
8997 87
8998 73
8999 77
9000 82
9001 61
9002 22
9003 74
9004 30
9005 5
9006 24
9007 80
9008 24
9009 40
9010 45
9011 34
9012 70
9013 82
9014 19
9015 82
9016 45
9017 28
9018 75
9019 5
9020 52
9021 49
9022 89
9023 34
9024 46
9025 70
9026 24
9027 91
9028 9
9029 97
9030 68
9031 43
9032 58
9033 42
9034 69
9035 40
9036 47
9037 93
9038 73
9039 23
9040 34
9041 18
9042 9
9043 56
9044 53
9045 28
9046 90
9047 50
9048 8
9049 65
9050 56
9051 60
9052 66
9053 97
9054 47
9055 64
9056 67
9057 23
9058 7
9059 28
9060 72
9061 27
9062 71
9063 31
9064 69
9065 41
9066 23
9067 16
9068 86
9069 48
9070 91
9071 72
9072 67
9073 1
9074 28
9075 72
9076 81
9077 70
9078 22
9079 90
9080 87
9081 30
9082 50
9083 53
9084 27
9085 49
9086 70
9087 46
9088 72
9089 77
9090 74
9091 45
9092 5
9093 98
9094 28
9095 74
9096 39
9097 3
9098 43
9099 77
9100 52
9101 34
9102 50
9103 19
9104 35
9105 30
9106 91
9107 69
9108 1
9109 65
9110 59
9111 88
9112 96
9113 9
9114 94
9115 75
9116 11
9117 64
9118 22
9119 83
9120 41
9121 48
9122 28
9123 46
9124 46
9125 8
9126 21
9127 37
9128 12
9129 64
9130 15
9131 64
9132 50
9133 65
9134 35
9135 38
9136 95
9137 78
9138 7
9139 96
9140 95
9141 66
9142 37
9143 91
9144 27
9145 31
9146 19
9147 38
9148 95
9149 93
9150 74
9151 88
9152 41
9153 54
9154 35
9155 88
9156 63
9157 8
9158 77
9159 75
9160 24
9161 92
9162 91
9163 74
9164 57
9165 78
9166 64
9167 5
9168 56
9169 71
9170 53
9171 51
9172 89
9173 90
9174 95
9175 17
9176 73
9177 14
9178 7
9179 20
9180 59
9181 81
9182 9
9183 0
9184 36
9185 96
9186 40
9187 51
9188 56
9189 18
9190 78
9191 80
9192 10
9193 69
9194 6
9195 20
9196 47
9197 71
9198 25
9199 55
9200 94
9201 30
9202 6
9203 84
9204 73
9205 53
9206 53
9207 46
9208 19
9209 60
9210 67
9211 78
9212 94
9213 28
9214 79
9215 82
9216 76
9217 71
9218 33
9219 32
9220 89
9221 11
9222 12
9223 52
9224 32
9225 70
9226 72
9227 31
9228 41
9229 49
9230 86
9231 88
9232 31
9233 44
9234 72
9235 4
9236 98
9237 25
9238 51
9239 17
9240 37
9241 70
9242 96
9243 31
9244 50
9245 27
9246 65
9247 26
9248 98
9249 98
9250 58
9251 40
9252 61
9253 22
9254 92
9255 45
9256 92
9257 16
9258 76
9259 86
9260 17
9261 62
9262 74
9263 48
9264 59
9265 98
9266 53
9267 57
9268 75
9269 56
9270 26
9271 12
9272 26
9273 74
9274 96
9275 76
9276 53
9277 61
9278 54
9279 4
9280 12
9281 12
9282 44
9283 73
9284 34
9285 88
9286 19
9287 26
9288 4
9289 47
9290 64
9291 73
9292 62
9293 38
9294 73
9295 21
9296 88
9297 26
9298 30
9299 63
9300 34
9301 56
9302 76
9303 12
9304 83
9305 24
9306 88
9307 36
9308 85
9309 94
9310 40
9311 97
9312 6
9313 36
9314 23
9315 40
9316 24
9317 94
9318 19
9319 80
9320 41
9321 83
9322 53
9323 3
9324 74
9325 27
9326 24
9327 62
9328 5
9329 54
9330 26
9331 40
9332 63
9333 54
9334 52
9335 98
9336 78
9337 93
9338 34
9339 63
9340 87
9341 27
9342 13
9343 94
9344 63
9345 36
9346 86
9347 88
9348 30
9349 57
9350 68
9351 71
9352 93
9353 74
9354 27
9355 67
9356 1
9357 3
9358 29
9359 58
9360 10
9361 7
9362 98
9363 73
9364 61
9365 3
9366 71
9367 91
9368 48
9369 57
9370 55
9371 35
9372 84
9373 20
9374 81
9375 0
9376 56
9377 20
9378 40
9379 38
9380 77
9381 60
9382 9
9383 70
9384 34
9385 88
9386 89
9387 87
9388 92
9389 71
9390 46
9391 2
9392 78
9393 96
9394 75
9395 92
9396 51
9397 98
9398 83
9399 99
9400 7
9401 90
9402 87
9403 44
9404 10
9405 68
9406 44
9407 66
9408 40
9409 36
9410 4
9411 70
9412 96
9413 66
9414 40
9415 31
9416 54
9417 30
9418 70
9419 98
9420 53
9421 68
9422 0
9423 31
9424 17
9425 27
9426 75
9427 68
9428 25
9429 59
9430 20
9431 85
9432 49
9433 7
9434 29
9435 12
9436 27
9437 25
9438 78
9439 68
9440 61
9441 35
9442 38
9443 57
9444 53
9445 30
9446 40
9447 59
9448 12
9449 63
9450 58
9451 65
9452 83
9453 58
9454 97
9455 0
9456 86
9457 72
9458 21
9459 63
9460 83
9461 41
9462 0
9463 85
9464 48
9465 29
9466 97
9467 27
9468 6
9469 27
9470 95
9471 67
9472 14
9473 85
9474 77
9475 67
9476 16
9477 69
9478 79
9479 28
9480 32
9481 37
9482 94
9483 16
9484 47
9485 43
9486 68
9487 85
9488 67
9489 89
9490 1
9491 51
9492 30
9493 1
9494 88
9495 30
9496 83
9497 85
9498 58
9499 89
9500 64
9501 5
9502 9
9503 79
9504 91
9505 86
9506 98
9507 7
9508 55
9509 77
9510 87
9511 40
9512 66
9513 81
9514 56
9515 66
9516 76
9517 24
9518 51
9519 44
9520 66
9521 52
9522 47
9523 48
9524 54
9525 35
9526 79
9527 89
9528 72
9529 89
9530 78
9531 36
9532 46
9533 87
9534 67
9535 37
9536 25
9537 66
9538 96
9539 81
9540 43
9541 84
9542 21
9543 62
9544 17
9545 29
9546 28
9547 46
9548 53
9549 31
9550 42
9551 71
9552 84
9553 89
9554 20
9555 90
9556 76
9557 99
9558 79
9559 0
9560 40
9561 9
9562 88
9563 86
9564 97
9565 56
9566 76
9567 22
9568 22
9569 72
9570 55
9571 17
9572 8
9573 28
9574 79
9575 78
9576 57
9577 59
9578 24
9579 63
9580 91
9581 66
9582 34
9583 27
9584 7
9585 54
9586 17
9587 35
9588 5
9589 48
9590 35
9591 45
9592 9
9593 23
9594 84
9595 6
9596 79
9597 12
9598 81
9599 53
9600 84
9601 88
9602 71
9603 45
9604 17
9605 2
9606 23
9607 74
9608 14
9609 99
9610 37
9611 5
9612 65
9613 72
9614 84
9615 72
9616 26
9617 1
9618 7
9619 32
9620 1
9621 94
9622 29
9623 10
9624 17
9625 65
9626 69
9627 49
9628 77
9629 2
9630 2
9631 14
9632 90
9633 73
9634 59
9635 7
9636 28
9637 34
9638 82
9639 42
9640 33
9641 71
9642 99
9643 98
9644 43
9645 83
9646 22
9647 22
9648 36
9649 81
9650 6
9651 37
9652 75
9653 35
9654 99
9655 44
9656 1
9657 20
9658 93
9659 78
9660 22
9661 48
9662 92
9663 65
9664 73
9665 3
9666 72
9667 1
9668 37
9669 6
9670 43
9671 70
9672 78
9673 94
9674 20
9675 73
9676 77
9677 42
9678 95
9679 13
9680 75
9681 1
9682 2
9683 50
9684 89
9685 54
9686 47
9687 90
9688 74
9689 92
9690 20
9691 49
9692 40
9693 65
9694 14
9695 14
9696 20
9697 86
9698 67
9699 58
9700 45
9701 63
9702 80
9703 23
9704 57
9705 1
9706 96
9707 35
9708 43
9709 44
9710 0
9711 19
9712 45
9713 3
9714 21
9715 34
9716 57
9717 20
9718 76
9719 83
9720 13
9721 49
9722 32
9723 5
9724 14
9725 46
9726 19
9727 34
9728 85
9729 39
9730 44
9731 30
9732 2
9733 25
9734 53
9735 59
9736 26
9737 1
9738 46
9739 21
9740 45
9741 47
9742 92
9743 91
9744 50
9745 66
9746 77
9747 59
9748 86
9749 54
9750 94
9751 51
9752 3
9753 27
9754 57
9755 69
9756 25
9757 28
9758 55
9759 10
9760 67
9761 52
9762 40
9763 69
9764 77
9765 45
9766 81
9767 55
9768 99
9769 27
9770 76
9771 44
9772 74
9773 21
9774 87
9775 76
9776 87
9777 17
9778 87
9779 25
9780 71
9781 82
9782 77
9783 26
9784 61
9785 86
9786 47
9787 38
9788 66
9789 2
9790 49
9791 86
9792 54
9793 41
9794 7
9795 83
9796 39
9797 88
9798 38
9799 38
9800 68
9801 67
9802 34
9803 42
9804 88
9805 74
9806 71
9807 27
9808 91
9809 10
9810 52
9811 14
9812 44
9813 81
9814 92
9815 5
9816 19
9817 39
9818 96
9819 86
9820 93
9821 45
9822 24
9823 48
9824 38
9825 31
9826 83
9827 77
9828 20
9829 22
9830 67
9831 88
9832 41
9833 54
9834 82
9835 29
9836 28
9837 5
9838 8
9839 71
9840 16
9841 60
9842 85
9843 12
9844 94
9845 77
9846 70
9847 65
9848 68
9849 66
9850 51
9851 61
9852 63
9853 27
9854 61
9855 1
9856 59
9857 45
9858 31
9859 31
9860 19
9861 98
9862 71
9863 60
9864 4
9865 53
9866 41
9867 32
9868 11
9869 49
9870 55
9871 79
9872 61
9873 40
9874 91
9875 55
9876 69
9877 61
9878 21
9879 37
9880 79
9881 24
9882 51
9883 42
9884 52
9885 12
9886 44
9887 63
9888 9
9889 75
9890 94
9891 28
9892 25
9893 65
9894 88
9895 82
9896 70
9897 81
9898 14
9899 81
9900 30
9901 70
9902 12
9903 92
9904 62
9905 4
9906 99
9907 84
9908 17
9909 72
9910 73
9911 97
9912 97
9913 24
9914 39
9915 1
9916 89
9917 35
9918 64
9919 98
9920 62
9921 10
9922 27
9923 40
9924 75
9925 67
9926 22
9927 45
9928 49
9929 88
9930 79
9931 31
9932 10
9933 91
9934 75
9935 73
9936 47
9937 75
9938 57
9939 65
9940 47
9941 82
9942 14
9943 96
9944 7
9945 5
9946 97
9947 96
9948 41
9949 13
9950 94
9951 55
9952 23
9953 73
9954 95
9955 50
9956 93
9957 17
9958 48
9959 42
9960 6
9961 27
9962 25
9963 16
9964 70
9965 1
9966 41
9967 70
9968 28
9969 50
9970 35
9971 75
9972 33
9973 1
9974 72
9975 92
9976 58
9977 21
9978 88
9979 51
9980 87
9981 34
9982 7
9983 62
9984 8
9985 2
9986 13
9987 1
9988 72
9989 61
9990 95
9991 30
9992 40
9993 72
9994 98
9995 62
9996 73
9997 40
9998 32
9999 1
