100
0 12
0 19
0 30
0 31
0 39
0 55
0 64
0 65
0 84
1 2
1 6
1 55
1 79
1 90
2 6
2 15
2 22
2 84
2 90
3 8
3 13
3 27
3 63
3 65
3 75
3 77
3 99
4 14
4 19
4 27
4 28
4 78
4 99
5 2
5 6
5 8
5 22
5 32
5 33
5 36
5 38
5 56
5 61
5 63
5 65
5 66
5 72
5 73
5 91
7 16
7 19
7 21
7 37
7 57
7 74
7 75
7 77
7 95
7 96
7 99
8 6
8 32
8 81
9 3
9 11
9 15
9 16
9 24
9 63
9 76
9 79
9 84
10 8
10 13
10 15
10 17
10 55
10 63
10 84
11 3
11 8
11 29
11 30
11 63
11 72
11 75
11 76
11 99
12 32
12 34
12 38
12 39
12 61
12 65
12 72
12 74
12 90
13 8
13 24
13 73
13 77
13 84
14 13
14 15
14 17
14 22
14 32
14 55
14 65
14 73
14 77
14 81
14 84
14 99
15 6
15 8
15 73
15 81
15 84
15 99
16 13
16 14
16 30
16 65
16 91
17 13
17 22
17 77
17 79
17 81
17 84
17 90
18 9
18 16
18 24
18 31
18 37
18 38
18 44
18 50
18 68
18 72
19 3
19 6
19 22
19 33
19 57
19 65
19 73
19 79
19 81
19 96
19 99
20 3
20 13
20 17
20 30
20 31
20 55
20 63
20 67
20 77
20 78
20 83
20 85
20 90
20 93
21 2
21 6
21 32
21 34
21 57
21 63
21 73
21 86
21 91
22 6
22 8
22 65
22 73
22 77
22 81
22 84
22 99
23 35
23 55
23 65
23 91
24 15
24 55
24 73
24 77
24 98
24 99
25 21
25 31
25 53
25 61
25 64
25 78
25 85
26 1
26 24
26 32
26 44
26 56
26 67
26 82
26 98
27 55
27 65
27 75
27 79
27 91
28 30
28 44
28 59
28 79
28 81
28 91
29 63
29 65
29 82
29 90
29 91
29 99
30 1
30 10
30 24
30 65
30 72
30 76
30 77
30 79
30 96
31 10
31 21
31 29
31 30
31 70
31 78
31 86
31 89
31 90
31 93
32 6
32 81
33 2
33 6
33 10
33 30
33 32
33 50
33 72
33 76
33 84
33 90
33 91
33 96
34 10
34 65
34 73
35 36
35 45
35 96
36 1
36 2
36 65
36 93
37 14
37 22
37 24
37 54
37 63
37 77
37 99
38 2
38 3
38 16
38 32
38 34
38 54
38 65
38 70
39 10
39 21
39 61
39 63
39 90
40 0
40 26
40 30
40 33
40 43
40 68
40 69
40 78
40 84
41 5
41 14
41 22
41 27
41 60
41 63
41 86
41 99
42 2
42 34
42 37
42 38
42 54
42 59
42 63
42 81
42 87
42 88
42 89
42 95
42 96
43 33
43 67
43 70
43 74
43 98
43 99
44 3
44 7
44 11
44 15
44 16
44 33
44 62
44 67
44 74
44 81
44 95
45 1
45 3
45 5
45 29
45 42
45 70
45 72
45 74
45 89
45 95
45 96
46 3
46 6
46 27
46 30
46 50
46 63
46 67
46 73
47 2
47 10
47 42
47 62
47 70
47 75
47 77
47 98
48 56
48 57
48 87
49 16
49 17
49 21
49 33
49 50
49 57
49 77
49 78
49 80
49 86
50 8
50 13
50 29
50 32
50 65
50 73
50 79
50 81
51 2
51 13
51 36
51 43
51 48
51 60
51 77
51 97
52 11
52 25
52 27
52 32
52 41
52 45
52 50
52 69
52 87
52 88
52 93
53 14
53 16
53 27
53 34
53 37
53 50
53 61
53 67
53 75
53 84
53 95
53 97
54 3
54 30
54 50
54 63
54 79
54 81
54 82
54 89
55 32
55 99
56 8
56 9
56 15
56 16
56 30
56 36
56 42
56 61
56 63
56 70
56 77
56 78
56 91
57 10
57 14
57 22
57 75
57 76
57 90
57 96
58 5
58 18
58 36
58 68
58 69
58 75
58 81
58 96
59 2
59 8
59 16
59 17
59 22
59 55
59 82
59 93
59 95
59 99
60 9
60 27
60 31
60 36
60 44
60 49
60 54
60 73
60 78
61 16
61 42
61 54
61 63
61 72
61 73
61 93
62 19
62 22
62 32
62 36
62 54
62 57
62 63
62 73
62 77
62 96
62 99
63 14
63 22
63 32
63 65
63 77
63 79
63 81
63 90
63 99
64 5
64 13
64 21
64 33
64 34
64 44
64 66
64 95
65 8
65 32
65 81
66 2
66 16
66 22
66 65
66 67
66 79
66 82
66 89
66 93
67 1
67 79
67 91
68 9
68 16
68 21
68 22
68 26
68 35
68 45
68 66
68 95
69 7
69 22
69 25
69 31
69 36
69 37
69 59
69 68
69 78
69 80
69 83
70 11
70 36
70 46
70 50
70 74
70 77
70 89
70 91
70 95
71 14
71 27
71 32
71 98
72 10
72 24
72 32
72 55
72 73
72 79
72 99
73 6
73 8
73 32
73 65
73 81
74 30
74 59
74 67
74 75
74 81
74 89
75 8
75 14
75 17
75 55
75 79
75 91
75 98
76 15
76 24
76 55
76 65
76 75
76 79
76 84
77 6
77 15
77 32
77 65
77 81
77 99
78 1
78 2
78 8
78 14
78 21
78 30
78 50
78 63
78 67
78 88
79 13
79 32
79 55
79 65
79 77
79 98
80 17
80 27
80 29
80 30
80 34
80 55
80 59
80 72
80 76
80 79
80 93
81 6
82 90
82 91
83 7
83 12
83 13
83 14
83 31
83 87
83 91
83 97
84 6
84 8
84 55
84 73
84 99
85 1
85 2
85 8
85 15
85 17
85 22
85 28
85 34
85 44
85 46
85 59
85 62
85 75
85 82
86 14
86 16
86 30
86 77
86 82
86 96
86 98
86 99
87 6
87 9
87 17
87 22
87 29
87 32
87 67
87 73
87 79
87 89
87 93
88 3
88 17
88 32
88 54
88 62
88 77
88 84
89 1
89 2
89 6
89 13
89 17
89 24
89 65
89 81
89 90
89 95
89 99
90 8
90 13
90 22
90 24
90 73
90 84
90 98
90 99
91 13
91 22
91 24
91 32
91 77
91 84
91 90
91 98
92 14
92 21
92 34
92 41
92 56
92 78
92 91
93 6
93 10
93 32
93 33
93 50
93 75
93 89
93 98
93 99
94 16
94 17
94 27
94 37
94 43
94 46
94 67
94 88
94 89
95 1
95 3
95 32
95 65
95 84
95 90
96 8
96 24
96 32
96 75
96 79
96 81
96 91
97 7
97 11
97 14
97 15
97 37
97 50
97 64
97 81
97 88
98 6
98 15
98 32
98 55
98 73
98 81
98 99
99 6
99 8
99 32
99 73
