0 147
1 195
2 147
3 26
4 171
5 217
6 194
7 238
8 186
9 263
10 246
11 252
12 227
13 281
14 358
15 152
16 157
17 270
18 210
19 234
20 285
21 181
22 219
23 184
24 219
25 281
26 172
27 262
28 150
29 130
30 212
31 217
32 153
33 258
34 276
35 156
36 184
37 238
38 90
39 248
40 361
41 205
42 347
43 312
44 229
45 210
46 257
47 272
48 60
49 261
50 253
51 211
52 169
53 108
54 112
55 292
56 227
57 141
58 170
59 184
60 162
61 372
62 290
63 169
64 231
65 252
66 175
67 137
68 129
69 314
70 207
71 185
72 237
73 325
74 191
75 155
76 195
77 198
78 226
79 186
80 290
81 303
82 158
83 135
84 110
85 243
86 226
87 140
88 292
89 271
90 321
91 276
92 123
93 229
94 150
95 292
96 182
97 200
98 221
99 158
100 229
101 237
102 311
103 257
104 204
105 212
106 204
107 260
108 272
109 212
110 321
111 232
112 318
113 179
114 404
115 162
116 189
117 156
118 275
119 314
120 230
121 266
122 298
123 166
124 173
125 267
126 134
127 317
128 257
129 249
130 121
131 152
132 269
133 125
134 155
135 159
136 188
137 343
138 223
139 178
140 260
141 228
142 217
143 274
144 148
145 223
146 90
147 192
148 217
149 191
150 185
151 81
152 242
153 200
154 273
155 267
156 192
157 140
158 238
159 294
160 154
161 257
162 213
163 316
164 295
165 222
166 157
167 165
168 168
169 197
170 199
171 210
172 169
173 190
174 232
175 168
176 198
177 194
178 183
179 98
180 100
181 305
182 191
183 144
184 308
185 196
186 169
187 232
188 312
189 142
190 263
191 231
192 111
193 283
194 212
195 316
196 194
197 98
198 193
199 185
200 259
201 239
202 284
203 133
204 241
205 204
206 197
207 301
208 125
209 198
210 348
211 199
212 164
213 277
214 339
215 194
216 124
217 160
218 237
219 248
220 235
221 250
222 240
223 302
224 242
225 152
226 81
227 201
228 293
229 225
230 259
231 203
232 203
233 296
234 208
235 188
236 212
237 274
238 247
239 241
240 135
241 159
242 152
243 184
244 273
245 250
246 315
247 174
248 215
249 175
250 153
251 197
252 296
253 200
254 206
255 100
256 312
257 152
258 250
259 219
260 104
261 224
262 241
263 205
264 217
265 207
266 147
267 153
268 204
269 156
270 215
271 200
272 199
273 183
274 103
275 252
276 183
277 217
278 133
279 198
280 233
281 188
282 282
283 225
284 282
285 275
286 199
287 166
288 220
289 288
290 276
291 175
292 143
293 171
294 217
295 276
296 172
297 278
298 242
299 219
300 179
301 252
302 191
303 184
304 152
305 148
306 120
307 116
308 363
309 302
310 191
311 225
312 206
313 248
314 372
315 248
316 185
317 240
318 251
319 260
320 181
321 274
322 200
323 266
324 118
325 210
326 348
327 192
328 115
329 186
330 127
331 139
332 141
333 190
334 140
335 174
336 291
337 196
338 322
339 209
340 161
341 241
342 243
343 347
344 263
345 234
346 224
347 392
348 244
349 196
350 128
351 293
352 261
353 322
354 195
355 338
356 267
357 238
358 282
359 171
360 217
361 328
362 173
363 125
364 236
365 226
366 200
367 284
368 270
369 240
370 232
371 157
372 212
373 161
374 115
375 276
376 203
377 116
378 297
379 181
380 217
381 281
382 256
383 226
384 152
385 343
386 240
387 171
388 61
389 220
390 180
391 81
392 253
393 282
394 138
395 69
396 218
397 108
398 270
399 250
400 158
401 198
402 126
403 170
404 323
405 228
406 261
407 189
408 187
409 226
410 187
411 217
412 191
413 251
414 220
415 104
416 59
417 106
418 282
419 201
420 215
421 49
422 253
423 176
424 191
425 184
426 188
427 256
428 152
429 257
430 243
431 210
432 140
433 267
434 274
435 137
436 236
437 224
438 154
439 215
440 75
441 292
442 190
443 168
444 169
445 305
446 239
447 243
448 233
449 115
450 286
451 163
452 233
453 153
454 229
455 199
456 168
457 236
458 285
459 199
460 212
461 228
462 356
463 297
464 175
465 246
466 212
467 278
468 342
469 130
470 249
471 193
472 212
473 373
474 275
475 112
476 176
477 213
478 170
479 247
480 350
481 332
482 312
483 179
484 248
485 242
486 299
487 249
488 153
489 252
490 156
491 292
492 311
493 221
494 204
495 250
496 194
497 397
498 199
499 249
500 280
501 272
502 272
503 199
504 290
505 159
506 198
507 176
508 179
509 310
510 144
511 239
512 236
513 314
514 209
515 228
516 173
517 262
518 210
519 259
520 216
521 302
522 104
523 214
524 254
525 192
526 155
527 207
528 212
529 134
530 184
531 297
532 173
533 248
534 105
535 274
536 283
537 309
538 158
539 212
540 100
541 187
542 227
543 249
544 147
545 180
546 286
547 193
548 265
549 217
550 287
551 263
552 168
553 203
554 242
555 295
556 152
557 222
558 318
559 126
560 214
561 208
562 221
563 179
564 277
565 156
566 175
567 143
568 240
569 217
570 157
571 179
572 116
573 110
574 252
575 202
576 155
577 142
578 172
579 210
580 152
581 123
582 171
583 306
584 256
585 50
586 91
587 104
588 306
589 231
590 195
591 157
592 149
593 208
594 194
595 192
596 215
597 183
598 240
599 118
600 170
601 167
602 269
603 401
604 219
605 209
606 166
607 216
608 128
609 153
610 142
611 37
612 305
613 154
614 183
615 163
616 215
617 236
618 335
619 219
620 191
621 225
622 173
623 234
624 181
625 81
626 207
627 235
628 256
629 224
630 278
631 241
632 201
633 246
634 220
635 494
636 217
637 278
638 322
639 266
640 246
641 199
642 192
643 288
644 137
645 186
646 215
647 144
648 110
649 299
650 350
651 236
652 246
653 184
654 118
655 274
656 189
657 254
658 215
659 306
660 244
661 269
662 292
663 204
664 180
665 230
666 172
667 209
668 195
669 249
670 143
671 247
672 144
673 232
674 165
675 153
676 201
677 296
678 206
679 193
680 195
681 216
682 150
683 214
684 204
685 144
686 159
687 371
688 205
689 179
690 229
691 204
692 179
693 190
694 154
695 191
696 250
697 136
698 242
699 221
700 249
701 110
702 250
703 193
704 151
705 377
706 209
707 379
708 220
709 233
710 284
711 250
712 214
713 232
714 164
715 150
716 308
717 209
718 276
719 189
720 218
721 191
722 243
723 82
724 145
725 256
726 126
727 167
728 264
729 274
730 213
731 63
732 192
733 376
734 47
735 237
736 157
737 204
738 262
739 229
740 234
741 282
742 240
743 296
744 151
745 169
746 261
747 250
748 232
749 115
750 138
751 189
752 120
753 159
754 284
755 125
756 169
757 196
758 222
759 172
760 232
761 148
762 224
763 272
764 155
765 258
766 259
767 191
768 169
769 156
770 216
771 308
772 324
773 192
774 233
775 195
776 133
777 294
778 193
779 213
780 248
781 193
782 247
783 243
784 191
785 222
786 250
787 131
788 276
789 230
790 312
791 223
792 146
793 128
794 174
795 167
796 327
797 132
798 334
799 231
800 163
801 272
802 215
803 209
804 165
805 162
806 216
807 220
808 347
809 87
810 381
811 343
812 298
813 364
814 167
815 100
816 167
817 258
818 166
819 249
820 188
821 422
822 249
823 237
824 212
825 205
826 123
827 120
828 195
829 259
830 242
831 171
832 116
833 69
834 126
835 255
836 189
837 329
838 168
839 198
840 285
841 236
842 142
843 181
844 185
845 177
846 184
847 270
848 141
849 207
850 234
851 196
852 284
853 202
854 326
855 178
856 175
857 211
858 192
859 234
860 177
861 160
862 206
863 185
864 184
865 232
866 290
867 39
868 128
869 317
870 188
871 278
872 276
873 184
874 194
875 176
876 168
877 142
878 202
879 187
880 129
881 166
882 69
883 260
884 159
885 197
886 122
887 302
888 213
889 211
890 120
891 208
892 190
893 183
894 218
895 188
896 341
897 67
898 265
899 267
900 160
901 213
902 341
903 245
904 179
905 278
906 171
907 254
908 233
909 270
910 250
911 214
912 100
913 231
914 151
915 139
916 209
917 142
918 285
919 259
920 171
921 134
922 124
923 253
924 278
925 285
926 246
927 119
928 164
929 189
930 279
931 88
932 135
933 67
934 231
935 177
936 147
937 247
938 308
939 193
940 229
941 197
942 188
943 70
944 239
945 203
946 164
947 113
948 143
949 244
950 157
951 214
952 269
953 206
954 187
955 105
956 267
957 113
958 207
959 238
960 334
961 197
962 279
963 232
964 179
965 80
966 208
967 101
968 190
969 199
970 227
971 270
972 59
973 281
974 241
975 159
976 179
977 157
978 188
979 138
980 127
981 262
982 286
983 220
984 135
985 108
986 263
987 253
988 282
989 160
990 231
991 179
992 328
993 191
994 192
995 268
996 288
997 189
998 177
999 217
