0 2937
1 2628
2 2363
3 2624
4 2550
5 2457
6 2935
7 2559
8 2182
9 2779
10 2380
11 2667
12 2630
13 2637
14 2586
15 2508
16 2901
17 2435
18 2640
19 2687
20 2405
21 2635
22 2826
23 2349
24 2544
25 2627
26 2359
27 2589
28 2307
29 2275
30 2756
31 2640
32 2661
33 2466
34 1340
35 2514
36 2543
37 1438
38 2446
39 2798
40 2220
41 2619
42 2833
43 2784
44 2705
45 2608
46 2823
47 2496
48 2567
49 2641
50 2942
51 2678
52 1507
53 2501
54 2596
55 2674
56 2333
57 2591
58 2684
59 2607
60 2413
61 2721
62 2710
63 2618
64 2683
65 2921
66 2590
67 2484
68 2603
69 2433
70 2666
71 2700
72 2930
73 2749
74 2640
75 2508
76 2931
77 2697
78 2475
79 2746
80 2568
81 2720
82 2646
83 2781
84 2625
85 2635
86 2294
87 2753
88 2502
89 2704
90 2709
91 2736
92 2989
93 2794
94 2353
95 2688
96 2277
97 2774
98 2577
99 2761
100 2248
101 2325
102 2324
103 2568
104 2515
105 2600
106 2492
107 2093
108 2296
109 2611
110 2319
111 2228
112 2666
113 2461
114 2491
115 2772
116 2459
117 2703
118 2632
119 2638
120 2353
121 2581
122 2468
123 2625
124 2911
125 2529
126 2584
127 2602
128 2316
129 2808
130 2593
131 2591
132 2631
133 2654
134 2896
135 1173
136 2850
137 2330
138 2462
139 2256
140 2578
141 2648
142 2158
143 3090
144 2863
145 2532
146 1846
147 2884
148 2616
149 2710
150 2935
151 2650
152 2372
153 2613
154 2499
155 2360
156 2514
157 2400
158 2342
159 2061
160 2677
161 2774
162 2496
163 2603
164 2789
165 2496
166 2655
167 2656
168 2456
169 2826
170 2563
171 2667
172 2696
173 2622
174 2757
175 2421
176 2694
177 2610
178 2448
179 2488
180 2755
181 2595
182 2579
183 2826
184 2414
185 2476
186 2609
187 2234
188 2555
189 2384
190 2540
191 2785
192 2698
193 2180
194 2345
195 2661
196 2380
197 2607
198 2812
199 2976
200 2575
201 2498
202 1440
203 2399
204 2789
205 2590
206 2328
207 2510
208 2760
209 2479
210 2712
211 2599
212 2789
213 1418
214 2718
215 2606
216 2471
217 2824
218 2453
219 2336
220 2683
221 2342
222 2432
223 2325
224 1316
225 2715
226 2804
227 2614
228 2681
229 2609
230 2856
231 2913
232 2516
233 1327
234 2964
235 2743
236 2684
237 2716
238 2739
239 2619
240 2447
241 2604
242 2086
243 2303
244 2813
245 2372
246 2692
247 2579
248 2847
249 2294
250 2620
251 2441
252 2410
253 2498
254 2362
255 2548
256 2260
257 2479
258 2748
259 2757
260 2768
261 2558
262 2478
263 2594
264 2444
265 2873
266 2860
267 2400
268 2578
269 2375
270 2565
271 2629
272 2596
273 2243
274 2454
275 2387
276 2546
277 2503
278 2636
279 2256
280 2525
281 2935
282 2758
283 2422
284 2476
285 2375
286 2822
287 2659
288 2553
289 2577
290 2888
291 2258
292 2577
293 2715
294 2607
295 2621
296 2932
297 2301
298 2874
299 2500
300 2491
301 2690
302 2776
303 2368
304 2309
305 2887
306 2804
307 2690
308 2357
309 2828
310 2639
311 2505
312 2639
313 2688
314 2458
315 2737
316 2916
317 2365
318 2529
319 2404
320 2463
321 2503
322 2826
323 2205
324 2469
325 2348
326 2393
327 2781
328 2577
329 2794
330 2440
331 1282
332 2830
333 2626
334 2860
335 2432
336 2450
337 2715
338 3351
339 2323
340 2910
341 2615
342 2305
343 2475
344 3193
345 2547
346 2336
347 2248
348 2399
349 2532
350 2671
351 2448
352 2365
353 2627
354 2708
355 2639
356 2670
357 1356
358 2459
359 2814
360 2234
361 2580
362 2774
363 2301
364 2677
365 2796
366 2526
367 2395
368 2679
369 2742
370 2676
371 2509
372 2484
373 2324
374 2681
375 2684
376 2647
377 2666
378 2521
379 2483
380 2349
381 2740
382 2632
383 2491
384 2795
385 2322
386 2445
387 2638
388 2175
389 2507
390 2510
391 2622
392 2262
393 3010
394 2675
395 2343
396 2421
397 2419
398 2442
399 2851
400 2482
401 2696
402 2503
403 2849
404 2508
405 2481
406 2553
407 1321
408 2757
409 2151
410 2381
411 2693
412 2535
413 2660
414 2595
415 2412
416 2281
417 2771
418 2842
419 2701
420 2313
421 2671
422 2414
423 2232
424 2396
425 2409
426 2601
427 3053
428 2620
429 1216
430 2451
431 2508
432 2488
433 2666
434 2700
435 2294
436 2847
437 2352
438 2530
439 2706
440 2390
441 2186
442 2537
443 2477
444 2508
445 2279
446 2970
447 2315
448 2635
449 2311
450 2645
451 2827
452 2275
453 2320
454 2830
455 2869
456 2490
457 2373
458 2457
459 2612
460 2657
461 2896
462 2631
463 2775
464 2310
465 2254
466 2689
467 2337
468 2449
469 2854
470 2670
471 2516
472 2745
473 2433
474 2595
475 2451
476 2681
477 2600
478 2319
479 2652
480 2624
481 2764
482 2558
483 2345
484 2788
485 2459
486 2607
487 2700
488 2534
489 2706
490 2330
491 2514
492 2359
493 3015
494 2919
495 2674
496 2395
497 2425
498 2268
499 2860
500 2402
501 2603
502 2684
503 2453
504 2717
505 2546
506 2494
507 3085
508 2881
509 2466
510 2423
511 2684
512 2369
513 2553
514 2701
515 2433
516 2342
517 2246
518 3015
519 2463
520 2708
521 2710
522 2515
523 2399
524 2549
525 2653
526 2318
527 1312
528 2377
529 2628
530 2506
531 3100
532 2277
533 1321
534 2332
535 2798
536 2579
537 2800
538 2551
539 2483
540 2539
541 2390
542 2604
543 1242
544 2491
545 2486
546 2570
547 2614
548 2490
549 2363
550 2350
551 2719
552 2312
553 2723
554 2493
555 2538
556 2595
557 2612
558 3078
559 2714
560 2760
561 2476
562 2907
563 2790
564 2644
565 2385
566 2512
567 2490
568 2490
569 2271
570 2222
571 2432
572 2635
573 2845
574 2428
575 2456
576 2545
577 2683
578 2652
579 2578
580 2205
581 2506
582 2709
583 2450
584 2756
585 2369
586 2534
587 2664
588 2868
589 2081
590 2717
591 2748
592 2819
593 2882
594 2396
595 2612
596 2680
597 2811
598 2616
599 2341
600 2744
601 2618
602 2472
603 2471
604 2793
605 2550
606 2467
607 3017
608 2076
609 2457
610 2558
611 2572
612 2210
613 2609
614 3012
615 2458
616 2395
617 2471
618 2730
619 2634
620 2743
621 2459
622 2381
623 2778
624 2733
625 1388
626 3096
627 2867
628 2665
629 2275
630 2771
631 2287
632 2745
633 2564
634 2591
635 2784
636 2477
637 2600
638 2348
639 2152
640 1391
641 2354
642 2211
643 2571
644 2186
645 2512
646 2458
647 1988
648 2515
649 2756
650 2913
651 2459
652 2563
653 2558
654 2296
655 1465
656 2498
657 2879
658 2582
659 2488
660 2579
661 2350
662 2805
663 2497
664 2475
665 2621
666 2191
667 2233
668 2621
669 2408
670 2628
671 2428
672 3036
673 2385
674 2594
675 2756
676 2802
677 2854
678 2472
679 2607
680 2903
681 2537
682 2703
683 2355
684 2511
685 2586
686 2492
687 2730
688 2646
689 2299
690 2311
691 2706
692 2421
693 2828
694 2191
695 2831
696 2805
697 2963
698 3118
699 2555
700 2566
701 2222
702 2627
703 2723
704 2631
705 2586
706 2157
707 2358
708 2589
709 2343
710 2825
711 2882
712 2779
713 2774
714 2035
715 2410
716 2520
717 3106
718 2445
719 2673
720 2500
721 2727
722 2681
723 1269
724 3135
725 2652
726 2466
727 2448
728 2678
729 2243
730 2411
731 2690
732 2464
733 2745
734 2798
735 2797
736 2383
737 2606
738 2127
739 2629
740 2269
741 2893
742 2147
743 2493
744 2590
745 2201
746 2619
747 2841
748 2598
749 2528
750 2350
751 2664
752 2100
753 2520
754 2550
755 2612
756 2806
757 2707
758 2150
759 2652
760 2737
761 2551
762 2517
763 2711
764 2438
765 2480
766 2221
767 2522
768 2642
769 2206
770 2940
771 2543
772 2623
773 2826
774 2706
775 3083
776 2743
777 2514
778 2629
779 2424
780 2774
781 2577
782 2388
783 2497
784 2701
785 2489
786 2390
787 2329
788 2687
789 2628
790 2412
791 2717
792 2481
793 2655
794 2752
795 2542
796 2667
797 2427
798 2844
799 2711
800 2707
801 2598
802 2389
803 2419
804 2576
805 2565
806 2681
807 2487
808 2590
809 2831
810 2676
811 2522
812 2631
813 2524
814 2317
815 2469
816 2499
817 2749
818 2300
819 2873
820 2593
821 1565
822 2432
823 2428
824 2443
825 2387
826 2082
827 2647
828 2607
829 2883
830 2568
831 2738
832 2780
833 2756
834 2459
835 2665
836 2609
837 2495
838 1396
839 2634
840 2611
841 2446
842 2713
843 2685
844 2286
845 2621
846 3066
847 2659
848 2524
849 2821
850 2454
851 2604
852 2500
853 2852
854 2853
855 2635
856 2680
857 2600
858 2415
859 2714
860 2530
861 2224
862 2892
863 2469
864 2423
865 2358
866 2439
867 2394
868 2470
869 2303
870 2440
871 2392
872 2937
873 2536
874 2898
875 2891
876 2679
877 2268
878 2237
879 2576
880 2448
881 2666
882 2638
883 2484
884 2696
885 2824
886 1423
887 2349
888 2779
889 2515
890 2493
891 2676
892 2695
893 2663
894 2638
895 2834
896 2934
897 2516
898 2492
899 2640
900 2602
901 2323
902 2701
903 2652
904 2665
905 2759
906 2568
907 2827
908 2538
909 2868
910 2416
911 2556
912 2715
913 2460
914 2546
915 2867
916 1221
917 2952
918 2547
919 1512
920 2570
921 2369
922 2475
923 2408
924 2454
925 2775
926 2346
927 2079
928 2782
929 2503
930 2481
931 2675
932 2489
933 2225
934 2608
935 2717
936 2695
937 2385
938 1357
939 2574
940 2659
941 2731
942 2571
943 2917
944 2538
945 2721
946 2348
947 2611
948 2319
949 2689
950 2694
951 2543
952 2685
953 2658
954 3065
955 2600
956 2638
957 2596
958 2679
959 2547
960 2437
961 2569
962 2477
963 2320
964 2666
965 2538
966 2549
967 2329
968 2445
969 2633
970 2317
971 2630
972 2611
973 2731
974 2571
975 2727
976 2710
977 2401
978 3037
979 2722
980 2609
981 2800
982 2275
983 2699
984 2731
985 2524
986 2690
987 2204
988 2461
989 2562
990 2591
991 3205
992 2516
993 2283
994 3022
995 2562
996 2752
997 2588
998 2494
999 2322
1000 2150
1001 2389
1002 2495
1003 2512
1004 2503
1005 2543
1006 2442
1007 2591
1008 2648
1009 2431
1010 2265
1011 2842
1012 2840
1013 2605
1014 1200
1015 2344
1016 2646
1017 1470
1018 2897
1019 2140
1020 2237
1021 2725
1022 2259
1023 2397
1024 2469
1025 2857
1026 2527
1027 2518
1028 2369
1029 2526
1030 2921
1031 2380
1032 2593
1033 2758
1034 2579
1035 2635
1036 2352
1037 2681
1038 2631
1039 2706
1040 2592
1041 2460
1042 3004
1043 2992
1044 2413
1045 2612
1046 2798
1047 2787
1048 2682
1049 2708
1050 2418
1051 2254
1052 1680
1053 2907
1054 2743
1055 2585
1056 2822
1057 2427
1058 2663
1059 2573
1060 2652
1061 2346
1062 2457
1063 2096
1064 2604
1065 2582
1066 2442
1067 2425
1068 2308
1069 2377
1070 2862
1071 2547
1072 2730
1073 2605
1074 2568
1075 2341
1076 2807
1077 2353
1078 2517
1079 2662
1080 2574
1081 3110
1082 2794
1083 2934
1084 2853
1085 2324
1086 2699
1087 2522
1088 2687
1089 2377
1090 2581
1091 2454
1092 2819
1093 2521
1094 2589
1095 2401
1096 2510
1097 2800
1098 2839
1099 2699
1100 2815
1101 2300
1102 2713
1103 2657
1104 2372
1105 2496
1106 2553
1107 2262
1108 2414
1109 2281
1110 2590
1111 2582
1112 2615
1113 2267
1114 2751
1115 1516
1116 2937
1117 2478
1118 2686
1119 1216
1120 2824
1121 2930
1122 2793
1123 2342
1124 2428
1125 2678
1126 2452
1127 2744
1128 2525
1129 2653
1130 2493
1131 2506
1132 2373
1133 2833
1134 2371
1135 2364
1136 2396
1137 2401
1138 2679
1139 2333
1140 2505
1141 2679
1142 2742
1143 2438
1144 2543
1145 2324
1146 2469
1147 2448
1148 2834
1149 2429
1150 2408
1151 2829
1152 2672
1153 2842
1154 2724
1155 2523
1156 2361
1157 2424
1158 2483
1159 2947
1160 2401
1161 2243
1162 2771
1163 2737
1164 1820
1165 2643
1166 2951
1167 2534
1168 2823
1169 2319
1170 2646
1171 2701
1172 2131
1173 2494
1174 3361
1175 2754
1176 2575
1177 2409
1178 2747
1179 2451
1180 2624
1181 2658
1182 2408
1183 2648
1184 2579
1185 2890
1186 2514
1187 2839
1188 2423
1189 2340
1190 2752
1191 2454
1192 2926
1193 2543
1194 2570
1195 2655
1196 2668
1197 3208
1198 2453
1199 2697
1200 2765
1201 2549
1202 2232
1203 2699
1204 2418
1205 2564
1206 2203
1207 2586
1208 2776
1209 2767
1210 2609
1211 2733
1212 2572
1213 1256
1214 2545
1215 2331
1216 2727
1217 2806
1218 2534
1219 2801
1220 2521
1221 2548
1222 2409
1223 2513
1224 2733
1225 2652
1226 2620
1227 2843
1228 2487
1229 2749
1230 2675
1231 2370
1232 2642
1233 2751
1234 2719
1235 2768
1236 2677
1237 2799
1238 2447
1239 2693
1240 2465
1241 2476
1242 2464
1243 2821
1244 2663
1245 2587
1246 2502
1247 2635
1248 2641
1249 2716
1250 2784
1251 2144
1252 2670
1253 2479
1254 2555
1255 2599
1256 2860
1257 2960
1258 2776
1259 2803
1260 2207
1261 2446
1262 2632
1263 2605
1264 2474
1265 2597
1266 3067
1267 2277
1268 2173
1269 2894
1270 2451
1271 2535
1272 2146
1273 2653
1274 2595
1275 2656
1276 2489
1277 2428
1278 2328
1279 2619
1280 2057
1281 2191
1282 2306
1283 2591
1284 2086
1285 2565
1286 2543
1287 2775
1288 2601
1289 2623
1290 2864
1291 2616
1292 2402
1293 2638
1294 2881
1295 2429
1296 2678
1297 2303
1298 2757
1299 2606
1300 2467
1301 2777
1302 2866
1303 2493
1304 2313
1305 2503
1306 2549
1307 2596
1308 2687
1309 2563
1310 2521
1311 1226
1312 2745
1313 2942
1314 2634
1315 2781
1316 2967
1317 2600
1318 2501
1319 1605
1320 2357
1321 2607
1322 2564
1323 2273
1324 2588
1325 2302
1326 2958
1327 2987
1328 2638
1329 2376
1330 2531
1331 2524
1332 2488
1333 2804
1334 3052
1335 2878
1336 2346
1337 2742
1338 2236
1339 2369
1340 2693
1341 2323
1342 2652
1343 2470
1344 2461
1345 2561
1346 2446
1347 2358
1348 2538
1349 2700
1350 2668
1351 2668
1352 2703
1353 2540
1354 2495
1355 2788
1356 2805
1357 2636
1358 2656
1359 2732
1360 2714
1361 2630
1362 2115
1363 2613
1364 2621
1365 2401
1366 2681
1367 2338
1368 2539
1369 3000
1370 2791
1371 2427
1372 2610
1373 2641
1374 2663
1375 2653
1376 2454
1377 2659
1378 2453
1379 2784
1380 2657
1381 2584
1382 2597
1383 2821
1384 2411
1385 2759
1386 2815
1387 2804
1388 2278
1389 2522
1390 2663
1391 2778
1392 2555
1393 2848
1394 2111
1395 2340
1396 2390
1397 2373
1398 2184
1399 2626
1400 2776
1401 2526
1402 2361
1403 2302
1404 2562
1405 2598
1406 2489
1407 2595
1408 2548
1409 1366
1410 2767
1411 2754
1412 2273
1413 2432
1414 2725
1415 2714
1416 2641
1417 2823
1418 3023
1419 2824
1420 2602
1421 2537
1422 2217
1423 2713
1424 2744
1425 2314
1426 2371
1427 2237
1428 2936
1429 2330
1430 3084
1431 2399
1432 2639
1433 2494
1434 2828
1435 2568
1436 2189
1437 2639
1438 2191
1439 2524
1440 2429
1441 2468
1442 3062
1443 2907
1444 2709
1445 2458
1446 2744
1447 2664
1448 2671
1449 2303
1450 2572
1451 2600
1452 2224
1453 2552
1454 2711
1455 2536
1456 2594
1457 2579
1458 2520
1459 2628
1460 2505
1461 2478
1462 2868
1463 2816
1464 2542
1465 2185
1466 2622
1467 2723
1468 2578
1469 2666
1470 2442
1471 2555
1472 2644
1473 2512
1474 2627
1475 2385
1476 2540
1477 2439
1478 2589
1479 2681
1480 2235
1481 2815
1482 2678
1483 2698
1484 2838
1485 2406
1486 2551
1487 2615
1488 2519
1489 2697
1490 2803
1491 2610
1492 2069
1493 2696
1494 2833
1495 1407
1496 2440
1497 2562
1498 2741
1499 2426
1500 2533
1501 2365
1502 2597
1503 2651
1504 2751
1505 2384
1506 2573
1507 1345
1508 2584
1509 2408
1510 2807
1511 2767
1512 2498
1513 2539
1514 2589
1515 2367
1516 2568
1517 2772
1518 2496
1519 2499
1520 2578
1521 2656
1522 2926
1523 2589
1524 2658
1525 2679
1526 2555
1527 2381
1528 2659
1529 2370
1530 2639
1531 2664
1532 2852
1533 2635
1534 2625
1535 2498
1536 2564
1537 2832
1538 2373
1539 2553
1540 2775
1541 2457
1542 2767
1543 2459
1544 2624
1545 2572
1546 2481
1547 2570
1548 2271
1549 2827
1550 2429
1551 2546
1552 2500
1553 2892
1554 2935
1555 2724
1556 2738
1557 2564
1558 2531
1559 2749
1560 2609
1561 1437
1562 2360
1563 2655
1564 2389
1565 2707
1566 2683
1567 2378
1568 2601
1569 2584
1570 2724
1571 2417
1572 2475
1573 2313
1574 2539
1575 2419
1576 2577
1577 2856
1578 2774
1579 2270
1580 2829
1581 2241
1582 2519
1583 2438
1584 2429
1585 2780
1586 2670
1587 2251
1588 3020
1589 2538
1590 2218
1591 2568
1592 2644
1593 2771
1594 2732
1595 2530
1596 2705
1597 2662
1598 1515
1599 2290
1600 2573
1601 2852
1602 2930
1603 2559
1604 2667
1605 1239
1606 2584
1607 2672
1608 2261
1609 2703
1610 2203
1611 2345
1612 2401
1613 2797
1614 2810
1615 2335
1616 2798
1617 2725
1618 2618
1619 2812
1620 2375
1621 2605
1622 2767
1623 2616
1624 2865
1625 2608
1626 2523
1627 2384
1628 2742
1629 2260
1630 1474
1631 2626
1632 2710
1633 3006
1634 2721
1635 2336
1636 2192
1637 2534
1638 2948
1639 2389
1640 3224
1641 1313
1642 2449
1643 2513
1644 2411
1645 2753
1646 2627
1647 2474
1648 2692
1649 2519
1650 2583
1651 2655
1652 1269
1653 2535
1654 2500
1655 2582
1656 2601
1657 2607
1658 2722
1659 2603
1660 2625
1661 2802
1662 2662
1663 2788
1664 2757
1665 2529
1666 2621
1667 2790
1668 2620
1669 2405
1670 2327
1671 2517
1672 2338
1673 1279
1674 2677
1675 2394
1676 2641
1677 2726
1678 2416
1679 2356
1680 2838
1681 2528
1682 2653
1683 2839
1684 2337
1685 2586
1686 2571
1687 2338
1688 1363
1689 2708
1690 2972
1691 2719
1692 2627
1693 2940
1694 1349
1695 2950
1696 2384
1697 2288
1698 2643
1699 2855
1700 2577
1701 2872
1702 2445
1703 1297
1704 2557
1705 2594
1706 2510
1707 2194
1708 2651
1709 2550
1710 2373
1711 2835
1712 2329
1713 2562
1714 2962
1715 2394
1716 2489
1717 2522
1718 2456
1719 2594
1720 2416
1721 2718
1722 2663
1723 2753
1724 2502
1725 2450
1726 2699
1727 2317
1728 2572
1729 2371
1730 2197
1731 2850
1732 2867
1733 2445
1734 2542
1735 2360
1736 2233
1737 2460
1738 2259
1739 2598
1740 2350
1741 2575
1742 2574
1743 2677
1744 2596
1745 2748
1746 2790
1747 2848
1748 2651
1749 2471
1750 2501
1751 2546
1752 2180
1753 2597
1754 2757
1755 2413
1756 2604
1757 2518
1758 2779
1759 2394
1760 2455
1761 2704
1762 2909
1763 2986
1764 2424
1765 2655
1766 3068
1767 2506
1768 2518
1769 2428
1770 2716
1771 2228
1772 2824
1773 2539
1774 2882
1775 2341
1776 2671
1777 2748
1778 2546
1779 2807
1780 2582
1781 2648
1782 2257
1783 2775
1784 2549
1785 2436
1786 2654
1787 2490
1788 2640
1789 2353
1790 3002
1791 2466
1792 2237
1793 2698
1794 2228
1795 2362
1796 2238
1797 3029
1798 2729
1799 3031
1800 1304
1801 1413
1802 2712
1803 2373
1804 2409
1805 2774
1806 2390
1807 2807
1808 2319
1809 2523
1810 2395
1811 2753
1812 2564
1813 2782
1814 2511
1815 2815
1816 2392
1817 2957
1818 2800
1819 2797
1820 2979
1821 2539
1822 2445
1823 2449
1824 2646
1825 2622
1826 2250
1827 2587
1828 2813
1829 2439
1830 2626
1831 1715
1832 2638
1833 2574
1834 2683
1835 2952
1836 2584
1837 2745
1838 2507
1839 2719
1840 2626
1841 2512
1842 2605
1843 2451
1844 2658
1845 2927
1846 2488
1847 2659
1848 2496
1849 2506
1850 2490
1851 2617
1852 2704
1853 2591
1854 2564
1855 2662
1856 2620
1857 2629
1858 2567
1859 2727
1860 2791
1861 2857
1862 2730
1863 2919
1864 2728
1865 2546
1866 2881
1867 2795
1868 2305
1869 2831
1870 2706
1871 2480
1872 2570
1873 2891
1874 2570
1875 2549
1876 2724
1877 2636
1878 2668
1879 2229
1880 1874
1881 2590
1882 2412
1883 2612
1884 2734
1885 2636
1886 2726
1887 2578
1888 2719
1889 2772
1890 2839
1891 2351
1892 2436
1893 2406
1894 2671
1895 2704
1896 3003
1897 2652
1898 2706
1899 1392
1900 2364
1901 2452
1902 2704
1903 2592
1904 2293
1905 1424
1906 1111
1907 1307
1908 1544
1909 1466
1910 2848
1911 2518
1912 2427
1913 2638
1914 2725
1915 2726
1916 2630
1917 2655
1918 2629
1919 2182
1920 2949
1921 2268
1922 2578
1923 2597
1924 2814
1925 2781
1926 2685
1927 2923
1928 2808
1929 2561
1930 2818
1931 2405
1932 2627
1933 2536
1934 2697
1935 2779
1936 2279
1937 2812
1938 2449
1939 2624
1940 2607
1941 2443
1942 2660
1943 2885
1944 2810
1945 2734
1946 2309
1947 2614
1948 2392
1949 2642
1950 2519
1951 2220
1952 2180
1953 2795
1954 2686
1955 2686
1956 2438
1957 2785
1958 2573
1959 2381
1960 2638
1961 2625
1962 2774
1963 3023
1964 2704
1965 2633
1966 2504
1967 2777
1968 2825
1969 2622
1970 2421
1971 2741
1972 2627
1973 2569
1974 2435
1975 2553
1976 2705
1977 2177
1978 2423
1979 2476
1980 2972
1981 2918
1982 2982
1983 2668
1984 2740
1985 2564
1986 2139
1987 2949
1988 2887
1989 2519
1990 2330
1991 2779
1992 2511
1993 2815
1994 2637
1995 2135
1996 2541
1997 1298
1998 2175
1999 2686
2000 2869
2001 2502
2002 2697
2003 2597
2004 2555
2005 2540
2006 2490
2007 2471
2008 2561
2009 2325
2010 2633
2011 2807
2012 2732
2013 2830
2014 2514
2015 2219
2016 2387
2017 2360
2018 2520
2019 2456
2020 2444
2021 2970
2022 2268
2023 2687
2024 2602
2025 2532
2026 2727
2027 2459
2028 2537
2029 2809
2030 2460
2031 2658
2032 2706
2033 2543
2034 2464
2035 2589
2036 2441
2037 2476
2038 2514
2039 2514
2040 2499
2041 2834
2042 2248
2043 2186
2044 2529
2045 2644
2046 2871
2047 2828
2048 2383
2049 2511
2050 2415
2051 2578
2052 2530
2053 2697
2054 2748
2055 2317
2056 2761
2057 2444
2058 2524
2059 2296
2060 2550
2061 2372
2062 2382
2063 2421
2064 2308
2065 2462
2066 2314
2067 2902
2068 2348
2069 2662
2070 1525
2071 2997
2072 2947
2073 2373
2074 2629
2075 2832
2076 2895
2077 1306
2078 2164
2079 2951
2080 2968
2081 2690
2082 2499
2083 2349
2084 2692
2085 2510
2086 2361
2087 2736
2088 2753
2089 3183
2090 2463
2091 2806
2092 2807
2093 2892
2094 2698
2095 1418
2096 2602
2097 2286
2098 2547
2099 2615
2100 2388
2101 2638
2102 2949
2103 3028
2104 2711
2105 1372
2106 2664
2107 2827
2108 2760
2109 2674
2110 2276
2111 2471
2112 2657
2113 2739
2114 2267
2115 2656
2116 2729
2117 2919
2118 2439
2119 2868
2120 2468
2121 2763
2122 2513
2123 2803
2124 2597
2125 2863
2126 2253
2127 2728
2128 2264
2129 2423
2130 2507
2131 2815
2132 2323
2133 2758
2134 2658
2135 2305
2136 2768
2137 2359
2138 2563
2139 2459
2140 2382
2141 2658
2142 2449
2143 2587
2144 2131
2145 2669
2146 2394
2147 2672
2148 2509
2149 2381
2150 2172
2151 2213
2152 2337
2153 2549
2154 2641
2155 2780
2156 2301
2157 2434
2158 2807
2159 2808
2160 2673
2161 2766
2162 2539
2163 2713
2164 2655
2165 2493
2166 2713
2167 2677
2168 2479
2169 2770
2170 2959
2171 2769
2172 2749
2173 2530
2174 2660
2175 2326
2176 2708
2177 3154
2178 2830
2179 2552
2180 2537
2181 2175
2182 1508
2183 2603
2184 2721
2185 2748
2186 2451
2187 2756
2188 2579
2189 2671
2190 2461
2191 2805
2192 2698
2193 1104
2194 2769
2195 2660
2196 2490
2197 2508
2198 2624
2199 2714
2200 2931
2201 2511
2202 2522
2203 2721
2204 2447
2205 2728
2206 2765
2207 2604
2208 2486
2209 2453
2210 2766
2211 3015
2212 2304
2213 2704
2214 2163
2215 2576
2216 2774
2217 2532
2218 2685
2219 2238
2220 2714
2221 2600
2222 2354
2223 2453
2224 2799
2225 2897
2226 2643
2227 2135
2228 2932
2229 2488
2230 2694
2231 2515
2232 2267
2233 2625
2234 2076
2235 2195
2236 2348
2237 2604
2238 2304
2239 2407
2240 2634
2241 2342
2242 2765
2243 2722
2244 2973
2245 2612
2246 2372
2247 2361
2248 2825
2249 2610
2250 1922
2251 2833
2252 2964
2253 2412
2254 2610
2255 2666
2256 2531
2257 2268
2258 2379
2259 2440
2260 2337
2261 2340
2262 2729
2263 2617
2264 2252
2265 2536
2266 2604
2267 2604
2268 2674
2269 2394
2270 2920
2271 2631
2272 2728
2273 2750
2274 2891
2275 2352
2276 2619
2277 2384
2278 2300
2279 2893
2280 2433
2281 979
2282 2670
2283 2508
2284 2074
2285 2615
2286 2771
2287 2651
2288 2709
2289 2395
2290 2379
2291 1599
2292 2614
2293 2717
2294 2561
2295 2434
2296 2675
2297 2818
2298 2647
2299 2569
2300 2630
2301 2829
2302 2656
2303 2839
2304 2483
2305 2680
2306 2453
2307 2159
2308 2796
2309 2765
2310 1497
2311 2673
2312 2576
2313 2602
2314 2890
2315 2580
2316 2728
2317 2296
2318 2776
2319 2616
2320 2151
2321 2633
2322 2525
2323 2576
2324 2489
2325 2866
2326 2488
2327 2641
2328 2459
2329 2534
2330 2617
2331 2295
2332 2780
2333 2347
2334 2251
2335 2800
2336 2582
2337 2593
2338 2665
2339 2186
2340 2528
2341 2709
2342 2703
2343 2748
2344 1327
2345 2683
2346 2715
2347 2413
2348 2558
2349 2522
2350 2463
2351 2615
2352 2551
2353 2628
2354 2549
2355 1286
2356 2302
2357 2630
2358 2643
2359 2475
2360 2371
2361 2550
2362 2493
2363 2545
2364 3053
2365 2409
2366 1311
2367 2664
2368 2598
2369 2602
2370 2765
2371 2632
2372 2636
2373 2482
2374 2309
2375 2349
2376 2265
2377 2546
2378 2355
2379 2437
2380 2537
2381 2737
2382 2488
2383 2789
2384 2575
2385 2443
2386 2750
2387 2843
2388 2612
2389 1319
2390 2475
2391 2456
2392 2647
2393 2924
2394 2767
2395 2822
2396 2535
2397 2734
2398 2882
2399 2469
2400 2589
2401 2340
2402 2630
2403 2440
2404 2437
2405 2070
2406 2871
2407 2583
2408 2620
2409 1967
2410 2606
2411 2160
2412 2654
2413 2411
2414 2509
2415 2261
2416 2674
2417 2699
2418 2890
2419 2754
2420 2573
2421 2518
2422 2573
2423 2417
2424 2320
2425 2309
2426 2267
2427 2297
2428 2587
2429 2635
2430 3033
2431 2659
2432 2491
2433 2279
2434 2560
2435 2632
2436 2491
2437 2147
2438 2771
2439 2377
2440 2609
2441 2487
2442 3003
2443 2654
2444 2397
2445 2550
2446 2748
2447 2540
2448 2958
2449 2563
2450 2633
2451 2473
2452 2461
2453 2720
2454 2276
2455 2760
2456 2533
2457 2519
2458 2567
2459 2457
2460 2363
2461 2221
2462 2671
2463 2720
2464 2533
2465 2493
2466 2546
2467 2594
2468 2419
2469 2507
2470 2658
2471 2569
2472 2514
2473 2369
2474 2621
2475 2237
2476 2716
2477 2393
2478 2441
2479 2321
2480 2432
2481 2194
2482 2299
2483 2885
2484 2897
2485 2557
2486 2421
2487 1374
2488 2458
2489 2622
2490 2803
2491 2259
2492 2649
2493 2576
2494 2534
2495 2521
2496 2441
2497 2647
2498 2739
2499 2530
2500 2671
2501 2345
2502 2401
2503 2234
2504 2566
2505 2790
2506 2876
2507 2268
2508 2683
2509 2082
2510 2402
2511 2457
2512 2588
2513 2659
2514 2854
2515 2921
2516 2550
2517 2539
2518 2529
2519 2362
2520 2701
2521 2495
2522 2510
2523 2411
2524 2586
2525 2212
2526 2419
2527 2444
2528 2413
2529 2868
2530 2591
2531 2514
2532 2687
2533 2269
2534 2733
2535 2416
2536 2439
2537 2566
2538 2737
2539 2487
2540 3057
2541 2694
2542 2812
2543 2420
2544 2576
2545 2100
2546 2474
2547 2477
2548 3025
2549 2423
2550 2341
2551 2719
2552 2595
2553 2773
2554 2488
2555 2810
2556 1319
2557 2482
2558 1988
2559 2474
2560 2524
2561 2755
2562 2612
2563 2253
2564 2548
2565 2386
2566 2542
2567 2501
2568 2709
2569 2785
2570 2589
2571 2619
2572 2671
2573 2664
2574 2330
2575 2342
2576 2467
2577 2522
2578 2665
2579 1539
2580 2750
2581 2760
2582 2532
2583 2606
2584 2578
2585 1107
2586 1607
2587 2559
2588 2537
2589 2357
2590 2539
2591 2733
2592 2516
2593 2383
2594 2610
2595 2389
2596 2261
2597 2251
2598 2865
2599 2558
2600 2487
2601 2568
2602 2553
2603 2440
2604 2391
2605 2191
2606 2573
2607 2226
2608 2798
2609 2452
2610 2555
2611 2350
2612 2728
2613 2528
2614 2567
2615 2557
2616 2586
2617 2614
2618 2435
2619 2579
2620 2697
2621 2415
2622 2506
2623 2737
2624 2779
2625 2239
2626 2528
2627 2437
2628 2990
2629 2461
2630 2679
2631 2735
2632 2385
2633 3007
2634 2411
2635 2772
2636 2691
2637 2882
2638 2581
2639 2804
2640 2719
2641 2213
2642 2526
2643 2882
2644 2764
2645 2759
2646 2746
2647 2504
2648 2584
2649 2419
2650 2728
2651 2318
2652 2842
2653 2604
2654 2709
2655 2580
2656 2100
2657 2479
2658 2495
2659 2393
2660 2419
2661 2651
2662 2608
2663 2428
2664 2729
2665 2296
2666 2536
2667 2557
2668 2777
2669 2415
2670 2237
2671 2807
2672 2444
2673 2579
2674 2881
2675 2660
2676 2524
2677 2300
2678 2703
2679 2395
2680 2206
2681 2639
2682 2204
2683 1520
2684 2591
2685 2649
2686 2421
2687 2796
2688 2587
2689 2677
2690 2683
2691 1225
2692 2576
2693 2839
2694 2572
2695 2150
2696 2669
2697 2872
2698 2683
2699 2697
2700 2624
2701 2382
2702 2592
2703 2631
2704 2431
2705 2888
2706 2342
2707 2545
2708 2304
2709 2664
2710 2691
2711 3045
2712 2420
2713 2673
2714 2665
2715 2237
2716 2354
2717 2565
2718 2656
2719 2531
2720 2544
2721 2725
2722 2740
2723 2549
2724 2836
2725 2259
2726 2353
2727 2592
2728 2600
2729 2633
2730 2601
2731 2407
2732 2931
2733 2366
2734 2736
2735 2745
2736 2430
2737 2104
2738 2654
2739 2475
2740 2535
2741 2323
2742 2468
2743 3078
2744 2782
2745 2340
2746 2630
2747 2313
2748 2494
2749 2490
2750 2535
2751 2651
2752 2684
2753 2560
2754 2800
2755 2865
2756 2349
2757 2531
2758 2336
2759 2708
2760 2402
2761 2758
2762 1557
2763 2337
2764 2377
2765 3074
2766 2526
2767 2664
2768 2559
2769 2728
2770 2710
2771 2411
2772 2638
2773 2542
2774 2545
2775 2476
2776 2517
2777 2773
2778 2825
2779 2698
2780 2550
2781 1221
2782 2681
2783 2568
2784 2601
2785 2725
2786 2466
2787 2596
2788 2568
2789 1352
2790 2693
2791 2448
2792 2318
2793 2183
2794 2508
2795 2495
2796 3015
2797 2631
2798 2459
2799 2534
2800 2676
2801 2336
2802 2354
2803 2849
2804 2709
2805 2725
2806 2482
2807 2538
2808 2720
2809 2214
2810 2734
2811 2621
2812 2564
2813 2854
2814 2933
2815 2572
2816 2692
2817 2887
2818 2518
2819 2955
2820 2828
2821 2360
2822 2848
2823 2314
2824 2437
2825 2493
2826 2450
2827 2500
2828 2558
2829 2507
2830 3159
2831 2713
2832 2952
2833 2610
2834 2053
2835 2544
2836 2821
2837 2568
2838 2618
2839 2501
2840 2437
2841 2966
2842 2633
2843 2528
2844 2225
2845 2668
2846 2771
2847 2506
2848 2380
2849 2527
2850 2610
2851 2311
2852 2647
2853 2571
2854 2346
2855 2373
2856 2145
2857 2654
2858 2869
2859 2475
2860 2643
2861 2619
2862 2620
2863 2342
2864 2455
2865 3151
2866 2483
2867 2293
2868 2595
2869 2779
2870 2590
2871 2642
2872 2444
2873 2691
2874 2559
2875 2624
2876 2860
2877 2541
2878 2661
2879 1513
2880 2180
2881 2652
2882 2921
2883 2676
2884 2454
2885 2615
2886 2706
2887 2815
2888 2668
2889 2660
2890 2779
2891 2348
2892 2948
2893 2433
2894 2895
2895 2353
2896 2698
2897 2384
2898 2265
2899 3028
2900 2411
2901 2922
2902 2681
2903 2487
2904 2438
2905 2878
2906 2423
2907 3066
2908 2637
2909 2481
2910 2386
2911 2429
2912 2787
2913 2837
2914 2056
2915 2612
2916 2565
2917 2898
2918 2513
2919 2522
2920 2609
2921 2256
2922 2528
2923 3164
2924 2066
2925 2703
2926 2316
2927 2526
2928 2864
2929 2759
2930 2462
2931 2779
2932 2344
2933 2259
2934 2316
2935 2515
2936 2573
2937 2529
2938 2596
2939 2710
2940 2221
2941 2629
2942 2664
2943 2507
2944 2397
2945 2535
2946 2144
2947 2972
2948 2435
2949 2698
2950 2645
2951 2996
2952 2389
2953 2757
2954 2892
2955 2512
2956 2783
2957 2726
2958 2571
2959 2556
2960 2436
2961 2847
2962 2712
2963 2672
2964 2541
2965 2663
2966 2561
2967 2555
2968 2244
2969 2509
2970 2213
2971 2802
2972 2742
2973 2911
2974 2524
2975 2667
2976 2692
2977 2306
2978 2289
2979 2872
2980 2558
2981 2757
2982 2625
2983 2542
2984 2454
2985 2581
2986 2490
2987 2662
2988 2620
2989 2820
2990 2468
2991 2778
2992 2635
2993 2271
2994 2863
2995 2677
2996 2432
2997 2851
2998 2493
2999 2481
3000 2772
3001 2974
3002 2566
3003 2557
3004 2570
3005 2601
3006 2283
3007 2674
3008 2424
3009 2656
3010 2813
3011 2674
3012 2619
3013 2422
3014 2548
3015 2712
3016 2647
3017 2659
3018 2262
3019 2702
3020 2281
3021 2631
3022 1370
3023 2707
3024 2579
3025 2457
3026 2609
3027 2862
3028 2804
3029 2508
3030 2438
3031 2580
3032 2609
3033 2661
3034 2445
3035 2651
3036 2620
3037 2796
3038 2779
3039 2588
3040 2599
3041 2584
3042 2512
3043 2582
3044 2448
3045 2764
3046 2652
3047 2476
3048 2599
3049 2506
3050 2597
3051 2702
3052 2806
3053 2582
3054 2430
3055 2538
3056 2616
3057 2526
3058 2455
3059 2447
3060 2466
3061 2909
3062 2923
3063 2051
3064 2716
3065 2468
3066 2798
3067 1365
3068 2495
3069 1368
3070 2521
3071 2384
3072 2472
3073 2187
3074 2612
3075 2683
3076 3181
3077 2422
3078 2582
3079 2516
3080 1295
3081 3017
3082 2604
3083 2437
3084 2984
3085 2580
3086 2722
3087 2681
3088 1456
3089 2336
3090 2509
3091 2452
3092 2763
3093 2216
3094 2516
3095 2777
3096 2999
3097 2699
3098 2194
3099 2754
3100 2830
3101 2531
3102 2741
3103 2869
3104 2339
3105 2657
3106 2971
3107 2781
3108 2577
3109 2754
3110 2666
3111 2544
3112 2807
3113 2417
3114 2770
3115 2363
3116 2365
3117 2479
3118 2696
3119 2750
3120 2723
3121 2899
3122 2546
3123 2488
3124 2765
3125 2641
3126 2594
3127 2482
3128 2717
3129 2690
3130 2803
3131 2348
3132 2426
3133 2109
3134 2449
3135 2563
3136 2718
3137 2495
3138 2677
3139 2117
3140 2474
3141 2589
3142 2507
3143 2767
3144 2343
3145 2479
3146 2629
3147 2920
3148 3100
3149 2413
3150 2733
3151 2465
3152 2588
3153 2520
3154 2583
3155 2525
3156 2671
3157 2756
3158 2543
3159 2906
3160 2556
3161 2452
3162 2361
3163 2764
3164 2606
3165 2331
3166 2571
3167 2616
3168 2753
3169 2845
3170 2432
3171 2345
3172 2514
3173 2516
3174 2684
3175 2346
3176 2537
3177 2885
3178 2313
3179 2514
3180 2547
3181 2892
3182 2539
3183 2350
3184 2801
3185 2794
3186 2324
3187 2974
3188 2732
3189 2850
3190 2510
3191 2057
3192 2525
3193 2659
3194 2395
3195 2502
3196 2488
3197 2677
3198 2475
3199 2882
3200 1462
3201 2819
3202 2459
3203 2741
3204 2549
3205 2561
3206 2399
3207 2606
3208 2757
3209 2668
3210 2600
3211 2465
3212 2376
3213 2870
3214 2810
3215 2534
3216 2569
3217 2742
3218 2399
3219 2362
3220 2653
3221 2545
3222 2295
3223 2626
3224 2729
3225 2639
3226 2739
3227 2666
3228 2881
3229 2365
3230 2735
3231 2513
3232 2459
3233 2636
3234 2641
3235 2735
3236 2832
3237 2374
3238 2697
3239 2449
3240 2391
3241 2675
3242 2577
3243 983
3244 2577
3245 2224
3246 2793
3247 2346
3248 2532
3249 2530
3250 2806
3251 2596
3252 2640
3253 2517
3254 2429
3255 2741
3256 2655
3257 2799
3258 2185
3259 2370
3260 2515
3261 2243
3262 2612
3263 2685
3264 2483
3265 2450
3266 2669
3267 2846
3268 1269
3269 2532
3270 2745
3271 2680
3272 2526
3273 2235
3274 2479
3275 2292
3276 2691
3277 2616
3278 2459
3279 2402
3280 2734
3281 2437
3282 2552
3283 2805
3284 2670
3285 2444
3286 2673
3287 2498
3288 2616
3289 2617
3290 3214
3291 2671
3292 2502
3293 2452
3294 2431
3295 2422
3296 2394
3297 2419
3298 2560
3299 2229
3300 2419
3301 2466
3302 2708
3303 2261
3304 2937
3305 2634
3306 2263
3307 2877
3308 2775
3309 2254
3310 2389
3311 2960
3312 1123
3313 2594
3314 2302
3315 2659
3316 2619
3317 3020
3318 2526
3319 2405
3320 2502
3321 2641
3322 2471
3323 2410
3324 2689
3325 2976
3326 2557
3327 2427
3328 2560
3329 3058
3330 2994
3331 2728
3332 2822
3333 2555
3334 2624
3335 2744
3336 2485
3337 2561
3338 2830
3339 2596
3340 2740
3341 2540
3342 2284
3343 2733
3344 2751
3345 2743
3346 2568
3347 2548
3348 2322
3349 2660
3350 2681
3351 2740
3352 2268
3353 2809
3354 2701
3355 2562
3356 2573
3357 3006
3358 2995
3359 2785
3360 2734
3361 2537
3362 2969
3363 2605
3364 2284
3365 2601
3366 2679
3367 2338
3368 2478
3369 3011
3370 2458
3371 2682
3372 2731
3373 2677
3374 2208
3375 2519
3376 2310
3377 2628
3378 2618
3379 2518
3380 2796
3381 2410
3382 2618
3383 2361
3384 2547
3385 2631
3386 2620
3387 3070
3388 2681
3389 2502
3390 2414
3391 2376
3392 2869
3393 2636
3394 3001
3395 2282
3396 2809
3397 2560
3398 2565
3399 2228
3400 2908
3401 2459
3402 2746
3403 2378
3404 2615
3405 2526
3406 2591
3407 2244
3408 2921
3409 2549
3410 2529
3411 2533
3412 2365
3413 2239
3414 2252
3415 2759
3416 2576
3417 2719
3418 3008
3419 2719
3420 2798
3421 2102
3422 2525
3423 2566
3424 2441
3425 2570
3426 2582
3427 2392
3428 2178
3429 2192
3430 2863
3431 2635
3432 2628
3433 2458
3434 2500
3435 2881
3436 2390
3437 2720
3438 2625
3439 2501
3440 2329
3441 2637
3442 2804
3443 2573
3444 2608
3445 2501
3446 2648
3447 2631
3448 2461
3449 2415
3450 2546
3451 2694
3452 2603
3453 2682
3454 2913
3455 2445
3456 2908
3457 2356
3458 2665
3459 2659
3460 2529
3461 2543
3462 2795
3463 2327
3464 2392
3465 2562
3466 2228
3467 2596
3468 2651
3469 2438
3470 2140
3471 2912
3472 2524
3473 2640
3474 3013
3475 2633
3476 2959
3477 2441
3478 2760
3479 2504
3480 2338
3481 2484
3482 2523
3483 2254
3484 2675
3485 2374
3486 2419
3487 2284
3488 2542
3489 2571
3490 2766
3491 2331
3492 2709
3493 2882
3494 2627
3495 2429
3496 2796
3497 2947
3498 2251
3499 2342
3500 2519
3501 1467
3502 2846
3503 2654
3504 2408
3505 2208
3506 2530
3507 2564
3508 2863
3509 2746
3510 2484
3511 2821
3512 2884
3513 2867
3514 2398
3515 2696
3516 2210
3517 2441
3518 2488
3519 2403
3520 2317
3521 2577
3522 2569
3523 2640
3524 2893
3525 2549
3526 2897
3527 2449
3528 2627
3529 2841
3530 2795
3531 2259
3532 2470
3533 2569
3534 2564
3535 2548
3536 2629
3537 2581
3538 2684
3539 2464
3540 2739
3541 2488
3542 2471
3543 2692
3544 2567
3545 2478
3546 2682
3547 2631
3548 1553
3549 2426
3550 2687
3551 2744
3552 2686
3553 2383
3554 2646
3555 2306
3556 2578
3557 2424
3558 2604
3559 2763
3560 2614
3561 2543
3562 2626
3563 2667
3564 2249
3565 2764
3566 2753
3567 2775
3568 2648
3569 2714
3570 2368
3571 2472
3572 2877
3573 2481
3574 2589
3575 2639
3576 2410
3577 2636
3578 2518
3579 2783
3580 2566
3581 2756
3582 2389
3583 2540
3584 2480
3585 2619
3586 2507
3587 2572
3588 2600
3589 2964
3590 2460
3591 2555
3592 2481
3593 2623
3594 2516
3595 2850
3596 2511
3597 2579
3598 2604
3599 2699
3600 2567
3601 2519
3602 2400
3603 2696
3604 2627
3605 2789
3606 2624
3607 2384
3608 2481
3609 2972
3610 2727
3611 2976
3612 2559
3613 2132
3614 2451
3615 2436
3616 2582
3617 2895
3618 2233
3619 2320
3620 2932
3621 2792
3622 2818
3623 2457
3624 3009
3625 2829
3626 2686
3627 2716
3628 2537
3629 2573
3630 2799
3631 2496
3632 2679
3633 2527
3634 2776
3635 3067
3636 2275
3637 2599
3638 2470
3639 2837
3640 2736
3641 2007
3642 2784
3643 2658
3644 2463
3645 2667
3646 2465
3647 2123
3648 2737
3649 2773
3650 2755
3651 2350
3652 2839
3653 2922
3654 2504
3655 2668
3656 2447
3657 2417
3658 2725
3659 2651
3660 2579
3661 2658
3662 2766
3663 2752
3664 2654
3665 2651
3666 2281
3667 2704
3668 2387
3669 2533
3670 2517
3671 2714
3672 2468
3673 2163
3674 2411
3675 2311
3676 2366
3677 2831
3678 2274
3679 2353
3680 2448
3681 2135
3682 2393
3683 2759
3684 2351
3685 2440
3686 2627
3687 2625
3688 2728
3689 2217
3690 2232
3691 2475
3692 2551
3693 2468
3694 2599
3695 2762
3696 2925
3697 2372
3698 2540
3699 2477
3700 2490
3701 2490
3702 2742
3703 2554
3704 2329
3705 2683
3706 2362
3707 2931
3708 2569
3709 1553
3710 2287
3711 2690
3712 2075
3713 2120
3714 2268
3715 2805
3716 2430
3717 2587
3718 2522
3719 2585
3720 2525
3721 2606
3722 2839
3723 2751
3724 2477
3725 2793
3726 2564
3727 2382
3728 2824
3729 2741
3730 2283
3731 2520
3732 2420
3733 2310
3734 2463
3735 2466
3736 2990
3737 2665
3738 2505
3739 2875
3740 2612
3741 2830
3742 2576
3743 2503
3744 2456
3745 2698
3746 2356
3747 1206
3748 2331
3749 2470
3750 2667
3751 2667
3752 2612
3753 2327
3754 2477
3755 3084
3756 2667
3757 2774
3758 2736
3759 2724
3760 3103
3761 2538
3762 2423
3763 2572
3764 2699
3765 2707
3766 2936
3767 2890
3768 2706
3769 2458
3770 2773
3771 2628
3772 2617
3773 2502
3774 2772
3775 2688
3776 2962
3777 2724
3778 2152
3779 1939
3780 2560
3781 3004
3782 2498
3783 1499
3784 2926
3785 2575
3786 2763
3787 2473
3788 2833
3789 2876
3790 2490
3791 1874
3792 2937
3793 2509
3794 1238
3795 2162
3796 2674
3797 2445
3798 2880
3799 2586
3800 2442
3801 2410
3802 2325
3803 2565
3804 2863
3805 2696
3806 2562
3807 1897
3808 2639
3809 2669
3810 2410
3811 2284
3812 2718
3813 2788
3814 2770
3815 2750
3816 2421
3817 2431
3818 2525
3819 2905
3820 2347
3821 1352
3822 2589
3823 2901
3824 2484
3825 2507
3826 2790
3827 2332
3828 2420
3829 2653
3830 2140
3831 2708
3832 2444
3833 2521
3834 2497
3835 2692
3836 2613
3837 3080
3838 2618
3839 2986
3840 2933
3841 2176
3842 2475
3843 2428
3844 2737
3845 2172
3846 2482
3847 2279
3848 2842
3849 2643
3850 2772
3851 2571
3852 2296
3853 1355
3854 2798
3855 2868
3856 2308
3857 2857
3858 2577
3859 2681
3860 2611
3861 2237
3862 2659
3863 2688
3864 2098
3865 2820
3866 2373
3867 2598
3868 2529
3869 2946
3870 2748
3871 2575
3872 2649
3873 2638
3874 2560
3875 2676
3876 2362
3877 2504
3878 2696
3879 2429
3880 2774
3881 2868
3882 2694
3883 2719
3884 2671
3885 2765
3886 2678
3887 2560
3888 2177
3889 2185
3890 2668
3891 2748
3892 2561
3893 2502
3894 2639
3895 2796
3896 2433
3897 2707
3898 2596
3899 2190
3900 2959
3901 2411
3902 2775
3903 2276
3904 2453
3905 2538
3906 2612
3907 2267
3908 2517
3909 2276
3910 1742
3911 1488
3912 1272
3913 1329
3914 1621
3915 2548
3916 2573
3917 2623
3918 2597
3919 2329
3920 2505
3921 2614
3922 2883
3923 2859
3924 2533
3925 2967
3926 2533
3927 2141
3928 2481
3929 2354
3930 2408
3931 2186
3932 2941
3933 2672
3934 2515
3935 2811
3936 2342
3937 2792
3938 2698
3939 2496
3940 2541
3941 3000
3942 2381
3943 2305
3944 2307
3945 1922
3946 2898
3947 2801
3948 2502
3949 2808
3950 2669
3951 2521
3952 2467
3953 2919
3954 2129
3955 2360
3956 2495
3957 2698
3958 2495
3959 2434
3960 2366
3961 2553
3962 2567
3963 2842
3964 2608
3965 2633
3966 2675
3967 2599
3968 2600
3969 2620
3970 2926
3971 2619
3972 2946
3973 2673
3974 2551
3975 2564
3976 2436
3977 2457
3978 2431
3979 2906
3980 1548
3981 2497
3982 2619
3983 2714
3984 2664
3985 2662
3986 2658
3987 2659
3988 2779
3989 2661
3990 2780
3991 2963
3992 2539
3993 2941
3994 2736
3995 2879
3996 2598
3997 2636
3998 2485
3999 2777
4000 3019
4001 3211
4002 2330
4003 2465
4004 2693
4005 2417
4006 2675
4007 2424
4008 2286
4009 2741
4010 2539
4011 2705
4012 2238
4013 2805
4014 2358
4015 2287
4016 2518
4017 2494
4018 2604
4019 2722
4020 2620
4021 2461
4022 2692
4023 2591
4024 2643
4025 2425
4026 2736
4027 2859
4028 2455
4029 1497
4030 2645
4031 2468
4032 2642
4033 2513
4034 2580
4035 2344
4036 2722
4037 2754
4038 2409
4039 2507
4040 2394
4041 2754
4042 2715
4043 2390
4044 2830
4045 2844
4046 2586
4047 2942
4048 2607
4049 2618
4050 2268
4051 2231
4052 2427
4053 2703
4054 2439
4055 2437
4056 2557
4057 3077
4058 1288
4059 2462
4060 2461
4061 2260
4062 2540
4063 2681
4064 2715
4065 2819
4066 2795
4067 2293
4068 2315
4069 2450
4070 2392
4071 2842
4072 2912
4073 2577
4074 2396
4075 2419
4076 2493
4077 2446
4078 2668
4079 2519
4080 2283
4081 2508
4082 2331
4083 2727
4084 2791
4085 2806
4086 2430
4087 2771
4088 2682
4089 2938
4090 2698
4091 2260
4092 2778
4093 2712
4094 2925
4095 2655
4096 2632
4097 2451
4098 2542
4099 2437
4100 2298
4101 2433
4102 2831
4103 2550
4104 2817
4105 2437
4106 2642
4107 2747
4108 2637
4109 2869
4110 2261
4111 2611
4112 2849
4113 2228
4114 2528
4115 2608
4116 2746
4117 2805
4118 2644
4119 2512
4120 2534
4121 2630
4122 2518
4123 2590
4124 2684
4125 2420
4126 2473
4127 2825
4128 2657
4129 2803
4130 2616
4131 2623
4132 2451
4133 2767
4134 2483
4135 2593
4136 2886
4137 2883
4138 2626
4139 2605
4140 2413
4141 2652
4142 3056
4143 2353
4144 2952
4145 2499
4146 3110
4147 2461
4148 2658
4149 2353
4150 2407
4151 2647
4152 2521
4153 2636
4154 2610
4155 2654
4156 2337
4157 2739
4158 2736
4159 2574
4160 2513
4161 2490
4162 2774
4163 2939
4164 2798
4165 2570
4166 2636
4167 3031
4168 2463
4169 2660
4170 2237
4171 2569
4172 2093
4173 2296
4174 2611
4175 2541
4176 2937
4177 2492
4178 2443
4179 2598
4180 2554
4181 2244
4182 2631
4183 2981
4184 2731
4185 2728
4186 2682
4187 2468
4188 2612
4189 2346
4190 2706
4191 2802
4192 2293
4193 2799
4194 2617
4195 2074
4196 2525
4197 2650
4198 2515
4199 2422
4200 2887
4201 2946
4202 1967
4203 2892
4204 2724
4205 2528
4206 2450
4207 2939
4208 2577
4209 2495
4210 2532
4211 2779
4212 2575
4213 1325
4214 2727
4215 2455
4216 2614
4217 2572
4218 1390
4219 2515
4220 2212
4221 2633
4222 2378
4223 2678
4224 2611
4225 2895
4226 2588
4227 2629
4228 3094
4229 2688
4230 2323
4231 2583
4232 2692
4233 2456
4234 2767
4235 2475
4236 2459
4237 2695
4238 2396
4239 2428
4240 2538
4241 2554
4242 2876
4243 2785
4244 2473
4245 2885
4246 2863
4247 2606
4248 2751
4249 2445
4250 2571
4251 2528
4252 2267
4253 2497
4254 2629
4255 2357
4256 2719
4257 2778
4258 2552
4259 2927
4260 2573
4261 2680
4262 2321
4263 2545
4264 2861
4265 2946
4266 2479
4267 2656
4268 2672
4269 2751
4270 2342
4271 2233
4272 2506
4273 2974
4274 2585
4275 2868
4276 2273
4277 2842
4278 2750
4279 2526
4280 2683
4281 2748
4282 2694
4283 2492
4284 2259
4285 2799
4286 2639
4287 2680
4288 2325
4289 2535
4290 2692
4291 2908
4292 2251
4293 2879
4294 2853
4295 2453
4296 2234
4297 2466
4298 2574
4299 2643
4300 2447
4301 2468
4302 2605
4303 2663
4304 2598
4305 2507
4306 2513
4307 2622
4308 2533
4309 2594
4310 2298
4311 2733
4312 2614
4313 2603
4314 2638
4315 2659
4316 2070
4317 2376
4318 2357
4319 2652
4320 2530
4321 2413
4322 2367
4323 2863
4324 2877
4325 2711
4326 2336
4327 2544
4328 2636
4329 2941
4330 1423
4331 2478
4332 2764
4333 2566
4334 1382
4335 2401
4336 2309
4337 2592
4338 2515
4339 2300
4340 2696
4341 2893
4342 2633
4343 2582
4344 2279
4345 2560
4346 2620
4347 2571
4348 2573
4349 2498
4350 2498
4351 2458
4352 2389
4353 2664
4354 2351
4355 2225
4356 2738
4357 2176
4358 2418
4359 2520
4360 2484
4361 2421
4362 2527
4363 2573
4364 2779
4365 2307
4366 2594
4367 2341
4368 2581
4369 2549
4370 2563
4371 2648
4372 2628
4373 2485
4374 2395
4375 2494
4376 2553
4377 2798
4378 2813
4379 2617
4380 2507
4381 2701
4382 2930
4383 2587
4384 2457
4385 2547
4386 2881
4387 2196
4388 2676
4389 2472
4390 2357
4391 2231
4392 2194
4393 3000
4394 2369
4395 2597
4396 2481
4397 2615
4398 2442
4399 2433
4400 2577
4401 2921
4402 2369
4403 2529
4404 2493
4405 2867
4406 2592
4407 2442
4408 2312
4409 2845
4410 2552
4411 2653
4412 2475
4413 2591
4414 2456
4415 2618
4416 2587
4417 2891
4418 2659
4419 2279
4420 2451
4421 2402
4422 2457
4423 2687
4424 2607
4425 2723
4426 2423
4427 2681
4428 2619
4429 2603
4430 3144
4431 2806
4432 2492
4433 2513
4434 2283
4435 2400
4436 2465
4437 2701
4438 2505
4439 2399
4440 2575
4441 2230
4442 2313
4443 2883
4444 2934
4445 2616
4446 2723
4447 2606
4448 2673
4449 2100
4450 2332
4451 2425
4452 2517
4453 2250
4454 2376
4455 2564
4456 2498
4457 2629
4458 2999
4459 1433
4460 2952
4461 2819
4462 2729
4463 2306
4464 2595
4465 2526
4466 2902
4467 2770
4468 2495
4469 2333
4470 2701
4471 2509
4472 2668
4473 2544
4474 2676
4475 2381
4476 2492
4477 2595
4478 2878
4479 2767
4480 2408
4481 2733
4482 2557
4483 2605
4484 2728
4485 2667
4486 2542
4487 2388
4488 2729
4489 2570
4490 2365
4491 2524
4492 2990
4493 2666
4494 2632
4495 2751
4496 2383
4497 846
4498 2183
4499 2458
4500 2411
4501 2321
4502 2410
4503 2443
4504 2500
4505 2634
4506 2621
4507 2348
4508 1432
4509 2501
4510 1229
4511 2605
4512 2481
4513 2624
4514 2567
4515 2661
4516 2578
4517 2931
4518 2965
4519 2679
4520 2393
4521 2284
4522 2350
4523 2634
4524 2670
4525 2950
4526 2499
4527 3101
4528 2749
4529 2435
4530 2396
4531 2482
4532 2569
4533 2884
4534 2519
4535 2497
4536 2698
4537 2595
4538 2681
4539 2917
4540 2635
4541 2671
4542 2469
4543 2694
4544 2834
4545 2394
4546 2555
4547 2287
4548 2703
4549 2757
4550 2819
4551 2692
4552 2471
4553 2577
4554 2632
4555 2816
4556 2594
4557 2786
4558 2493
4559 2573
4560 2497
4561 2692
4562 2389
4563 2670
4564 2692
4565 2455
4566 2804
4567 2545
4568 2752
4569 2536
4570 2792
4571 2394
4572 2568
4573 2659
4574 2466
4575 2642
4576 2449
4577 2682
4578 2552
4579 2549
4580 2946
4581 2885
4582 2682
4583 2658
4584 3130
4585 3056
4586 2567
4587 2527
4588 2923
4589 3022
4590 2708
4591 2654
4592 2176
4593 2929
4594 2420
4595 2528
4596 2584
4597 2476
4598 2659
4599 2598
4600 2458
4601 2329
4602 2214
4603 2461
4604 2713
4605 2447
4606 2363
4607 2663
4608 2715
4609 2628
4610 2612
4611 2140
4612 2607
4613 2602
4614 2661
4615 2987
4616 2335
4617 2596
4618 2602
4619 2669
4620 2500
4621 2533
4622 2350
4623 2303
4624 2558
4625 2343
4626 2529
4627 2629
4628 2348
4629 2376
4630 2385
4631 2625
4632 2141
4633 2392
4634 2423
4635 2520
4636 2753
4637 2539
4638 2837
4639 2495
4640 2720
4641 2630
4642 2725
4643 2709
4644 2311
4645 2770
4646 2576
4647 2383
4648 2626
4649 2423
4650 2711
4651 2661
4652 2589
4653 2571
4654 2326
4655 2431
4656 2948
4657 2455
4658 2842
4659 2552
4660 2635
4661 2508
4662 2734
4663 2430
4664 2514
4665 2949
4666 2542
4667 2506
4668 2370
4669 2297
4670 2273
4671 2826
4672 2740
4673 2489
4674 2616
4675 2325
4676 3013
4677 2418
4678 2842
4679 2455
4680 2438
4681 2578
4682 2740
4683 2212
4684 2491
4685 2431
4686 2764
4687 2467
4688 2501
4689 2455
4690 2386
4691 2797
4692 1539
4693 2966
4694 2635
4695 2764
4696 2459
4697 2594
4698 2821
4699 2426
4700 2646
4701 2493
4702 2802
4703 2411
4704 2689
4705 2792
4706 2586
4707 2779
4708 2422
4709 2730
4710 2751
4711 2752
4712 2311
4713 2644
4714 2756
4715 2564
4716 2639
4717 2517
4718 2886
4719 2316
4720 2638
4721 2467
4722 2911
4723 2941
4724 2488
4725 2642
4726 2673
4727 1605
4728 2212
4729 2863
4730 2600
4731 2767
4732 2360
4733 2221
4734 2602
4735 2669
4736 2496
4737 2397
4738 2385
4739 2543
4740 2835
4741 2652
4742 2361
4743 3026
4744 2920
4745 2582
4746 2565
4747 2615
4748 2757
4749 2641
4750 2776
4751 2371
4752 2584
4753 2517
4754 2854
4755 2630
4756 2697
4757 2787
4758 2385
4759 2853
4760 2550
4761 2543
4762 2353
4763 2260
4764 2507
4765 2559
4766 3007
4767 2480
4768 2766
4769 2788
4770 2428
4771 2706
4772 2785
4773 2551
4774 2693
4775 2453
4776 2452
4777 2558
4778 2322
4779 2806
4780 2410
4781 2358
4782 2525
4783 2444
4784 2817
4785 2761
4786 2665
4787 2467
4788 2551
4789 2341
4790 2615
4791 2493
4792 2865
4793 2453
4794 2434
4795 2799
4796 2320
4797 2694
4798 2599
4799 2283
4800 2786
4801 2424
4802 2724
4803 2868
4804 2433
4805 2679
4806 2774
4807 2450
4808 2660
4809 2823
4810 2292
4811 2494
4812 2700
4813 2471
4814 2568
4815 1159
4816 2284
4817 2436
4818 2494
4819 2515
4820 2612
4821 2536
4822 2589
4823 2718
4824 2991
4825 2561
4826 2611
4827 2824
4828 2423
4829 2653
4830 2510
4831 2727
4832 2418
4833 2424
4834 2899
4835 2427
4836 2451
4837 2512
4838 2535
4839 1465
4840 2533
4841 2525
4842 2783
4843 2745
4844 2652
4845 2316
4846 2428
4847 2573
4848 2751
4849 2126
4850 2255
4851 2530
4852 2684
4853 2466
4854 2415
4855 2629
4856 2392
4857 2835
4858 2943
4859 2721
4860 2334
4861 3015
4862 2427
4863 2742
4864 2417
4865 2787
4866 2445
4867 2543
4868 2689
4869 2363
4870 2471
4871 2567
4872 2717
4873 2930
4874 2786
4875 2937
4876 2676
4877 2591
4878 2477
4879 2547
4880 2742
4881 2213
4882 2623
4883 2881
4884 2850
4885 2643
4886 2554
4887 2852
4888 2428
4889 2493
4890 2596
4891 2313
4892 2710
4893 2677
4894 2440
4895 2744
4896 2670
4897 2526
4898 2519
4899 2529
4900 2893
4901 2477
4902 2606
4903 2356
4904 2271
4905 2627
4906 2307
4907 2655
4908 2263
4909 2283
4910 2716
4911 2850
4912 3028
4913 2745
4914 2640
4915 2642
4916 2477
4917 2740
4918 2787
4919 2818
4920 2723
4921 2665
4922 2466
4923 2724
4924 2497
4925 2680
4926 2309
4927 2538
4928 2509
4929 2399
4930 2579
4931 2636
4932 2374
4933 2455
4934 2620
4935 2354
4936 2342
4937 2635
4938 1270
4939 2324
4940 2337
4941 2753
4942 2527
4943 2599
4944 2369
4945 2463
4946 2545
4947 2612
4948 2232
4949 3081
4950 2595
4951 2652
4952 2457
4953 2493
4954 2370
4955 2542
4956 2432
4957 2703
4958 2699
4959 2598
4960 2761
4961 3036
4962 2990
4963 2817
4964 2479
4965 2713
4966 2568
4967 2802
4968 2551
4969 2515
4970 2674
4971 2708
4972 2306
4973 2598
4974 2278
4975 2555
4976 2487
4977 2533
4978 2591
4979 2324
4980 2604
4981 2195
4982 2851
4983 2344
4984 2646
4985 2753
4986 2812
4987 2634
4988 2422
4989 2885
4990 2695
4991 1476
4992 2520
4993 2530
4994 2395
4995 2541
4996 2624
4997 2505
4998 2681
4999 2726
5000 2615
5001 2513
5002 2673
5003 2650
5004 2486
5005 2375
5006 2591
5007 2862
5008 2846
5009 2194
5010 2797
5011 2871
5012 2592
5013 2564
5014 2381
5015 2761
5016 2753
5017 2176
5018 2743
5019 2799
5020 2639
5021 2585
5022 2365
5023 2650
5024 2526
5025 2625
5026 2565
5027 2974
5028 2232
5029 2705
5030 2374
5031 2606
5032 2877
5033 2536
5034 2525
5035 2348
5036 2288
5037 2534
5038 2391
5039 2556
5040 2794
5041 3028
5042 2360
5043 2699
5044 2109
5045 2622
5046 2573
5047 2341
5048 2513
5049 2787
5050 2369
5051 3008
5052 2221
5053 2827
5054 2748
5055 2885
5056 2712
5057 2749
5058 2388
5059 2515
5060 2494
5061 2648
5062 2656
5063 2523
5064 2562
5065 2270
5066 2607
5067 2634
5068 2012
5069 2600
5070 2965
5071 2655
5072 2402
5073 2820
5074 2684
5075 2616
5076 2331
5077 2477
5078 2752
5079 2674
5080 2482
5081 2581
5082 2804
5083 2640
5084 2706
5085 2288
5086 2887
5087 2532
5088 2173
5089 2256
5090 2759
5091 2605
5092 2688
5093 2417
5094 2148
5095 2453
5096 2571
5097 2588
5098 2455
5099 2263
5100 3125
5101 2685
5102 2466
5103 2900
5104 2478
5105 2865
5106 2846
5107 2594
5108 2605
5109 2413
5110 2731
5111 2927
5112 2360
5113 2616
5114 2624
5115 2579
5116 2360
5117 2552
5118 2873
5119 2915
5120 2418
5121 2560
5122 2668
5123 2937
5124 2645
5125 2418
5126 2415
5127 2829
5128 2577
5129 2535
5130 2444
5131 2331
5132 2227
5133 2497
5134 2378
5135 2284
5136 2383
5137 2817
5138 2389
5139 2603
5140 2464
5141 2313
5142 2666
5143 2769
5144 2163
5145 2751
5146 2583
5147 2820
5148 2662
5149 2734
5150 2480
5151 2391
5152 2623
5153 2570
5154 2288
5155 2649
5156 2678
5157 2840
5158 2430
5159 2392
5160 2464
5161 2386
5162 2502
5163 2517
5164 2561
5165 2592
5166 2448
5167 2195
5168 2454
5169 2792
5170 2604
5171 1035
5172 2419
5173 2645
5174 2520
5175 2742
5176 2551
5177 2850
5178 2440
5179 2859
5180 2436
5181 3219
5182 3018
5183 2734
5184 2173
5185 2607
5186 2352
5187 2521
5188 2543
5189 2637
5190 2511
5191 2559
5192 2450
5193 2829
5194 2839
5195 2599
5196 2448
5197 2702
5198 2582
5199 2531
5200 2463
5201 2450
5202 2763
5203 2344
5204 2636
5205 2651
5206 2492
5207 2787
5208 2402
5209 2942
5210 2573
5211 1280
5212 2509
5213 2712
5214 2189
5215 2624
5216 2772
5217 2462
5218 2734
5219 2588
5220 2246
5221 2614
5222 1185
5223 2920
5224 2789
5225 2648
5226 2439
5227 2510
5228 2760
5229 2526
5230 2534
5231 2781
5232 2459
5233 1463
5234 2363
5235 2417
5236 1422
5237 2521
5238 2427
5239 2498
5240 2588
5241 2648
5242 2415
5243 3082
5244 2603
5245 2468
5246 2447
5247 2720
5248 2383
5249 2646
5250 2306
5251 2729
5252 2363
5253 2631
5254 2202
5255 2743
5256 2661
5257 2810
5258 2549
5259 2218
5260 2623
5261 2739
5262 3031
5263 2140
5264 2819
5265 2662
5266 2559
5267 2536
5268 2555
5269 2589
5270 2786
5271 3160
5272 2326
5273 2709
5274 2466
5275 2433
5276 2478
5277 2807
5278 2374
5279 2561
5280 2284
5281 2773
5282 2417
5283 2609
5284 2132
5285 2811
5286 2624
5287 2481
5288 2600
5289 2585
5290 2531
5291 2881
5292 2617
5293 2486
5294 2429
5295 2483
5296 1212
5297 2373
5298 2647
5299 2331
5300 3061
5301 2913
5302 2961
5303 2695
5304 2732
5305 2868
5306 2647
5307 2595
5308 2498
5309 2767
5310 2813
5311 2472
5312 2780
5313 2628
5314 2623
5315 2106
5316 2784
5317 2505
5318 2244
5319 2409
5320 2897
5321 2483
5322 2574
5323 2866
5324 2742
5325 2308
5326 2531
5327 2647
5328 2457
5329 2674
5330 2496
5331 2478
5332 2686
5333 2775
5334 2373
5335 2264
5336 2401
5337 2024
5338 2713
5339 2483
5340 2637
5341 2314
5342 2275
5343 2781
5344 2819
5345 2268
5346 2191
5347 2462
5348 1623
5349 2905
5350 3019
5351 2411
5352 2189
5353 2595
5354 2687
5355 2469
5356 2708
5357 2570
5358 2872
5359 2498
5360 2461
5361 2131
5362 2824
5363 2898
5364 2756
5365 2696
5366 2826
5367 3096
5368 2737
5369 2641
5370 2824
5371 2522
5372 2758
5373 2399
5374 2413
5375 2794
5376 2502
5377 2524
5378 2793
5379 2519
5380 2609
5381 2499
5382 2687
5383 2528
5384 2028
5385 2749
5386 2380
5387 2858
5388 2572
5389 2501
5390 2504
5391 2911
5392 2663
5393 2439
5394 2177
5395 2400
5396 2361
5397 2732
5398 2731
5399 2771
5400 2673
5401 2572
5402 2331
5403 2713
5404 1693
5405 2559
5406 2323
5407 2545
5408 2436
5409 2375
5410 2667
5411 2646
5412 2572
5413 2881
5414 2704
5415 2425
5416 2489
5417 2487
5418 2420
5419 2497
5420 2732
5421 2467
5422 2382
5423 2617
5424 2639
5425 2320
5426 2731
5427 2704
5428 2507
5429 2604
5430 2401
5431 2651
5432 2371
5433 2873
5434 2616
5435 2485
5436 2475
5437 2662
5438 2683
5439 2696
5440 2604
5441 2564
5442 2443
5443 2760
5444 2653
5445 2952
5446 2685
5447 2282
5448 2698
5449 2398
5450 2903
5451 2498
5452 2917
5453 2671
5454 2555
5455 2310
5456 2679
5457 2896
5458 2336
5459 2509
5460 2490
5461 2390
5462 2652
5463 2355
5464 2420
5465 2770
5466 2516
5467 2747
5468 2688
5469 2302
5470 2556
5471 2274
5472 2578
5473 2459
5474 1939
5475 2576
5476 2792
5477 2619
5478 2581
5479 2917
5480 2948
5481 2499
5482 2730
5483 2490
5484 2475
5485 2649
5486 2937
5487 2832
5488 2795
5489 2642
5490 2560
5491 2612
5492 2927
5493 2941
5494 2529
5495 2270
5496 2903
5497 2483
5498 2494
5499 2343
5500 2423
5501 2418
5502 2316
5503 2317
5504 2824
5505 2693
5506 2561
5507 2566
5508 2569
5509 2729
5510 2479
5511 2421
5512 2681
5513 2624
5514 2553
5515 2414
5516 2429
5517 2432
5518 2908
5519 2673
5520 2397
5521 2529
5522 2766
5523 2562
5524 2762
5525 2309
5526 2922
5527 2562
5528 2401
5529 2856
5530 2907
5531 2520
5532 2887
5533 2315
5534 2556
5535 2909
5536 2837
5537 2799
5538 2734
5539 2363
5540 2231
5541 2805
5542 2615
5543 2717
5544 2639
5545 2650
5546 2307
5547 2596
5548 2682
5549 2660
5550 2721
5551 2727
5552 2655
5553 2527
5554 2759
5555 2621
5556 2784
5557 2550
5558 2696
5559 2676
5560 3011
5561 2501
5562 2486
5563 2429
5564 2878
5565 2392
5566 2771
5567 2833
5568 2769
5569 2620
5570 2556
5571 2700
5572 2515
5573 2560
5574 2482
5575 2634
5576 2749
5577 2804
5578 2944
5579 2511
5580 2752
5581 2703
5582 2772
5583 2350
5584 2181
5585 2411
5586 2439
5587 2511
5588 2569
5589 2364
5590 2276
5591 2654
5592 2727
5593 2394
5594 2384
5595 2641
5596 2675
5597 2514
5598 3026
5599 2599
5600 1897
5601 1365
5602 2624
5603 2373
5604 2501
5605 2798
5606 2613
5607 2811
5608 2440
5609 2350
5610 2815
5611 2757
5612 2623
5613 2387
5614 2568
5615 2574
5616 2546
5617 3168
5618 2453
5619 2570
5620 2623
5621 2878
5622 2436
5623 2545
5624 2454
5625 2435
5626 2517
5627 2738
5628 2803
5629 2870
5630 2616
5631 2311
5632 2790
5633 3002
5634 2500
5635 2604
5636 2672
5637 2303
5638 2706
5639 2797
5640 2731
5641 2767
5642 2371
5643 2555
5644 2711
5645 2371
5646 2113
5647 2843
5648 2690
5649 2543
5650 1421
5651 2577
5652 2528
5653 2791
5654 2434
5655 2354
5656 2567
5657 2319
5658 2730
5659 2600
5660 2236
5661 2925
5662 2778
5663 2388
5664 2290
5665 2409
5666 2645
5667 2674
5668 2570
5669 2742
5670 2521
5671 2728
5672 2909
5673 2669
5674 2604
5675 2203
5676 2524
5677 2689
5678 2728
5679 2989
5680 2475
5681 2578
5682 2397
5683 2780
5684 3001
5685 2729
5686 2688
5687 2840
5688 2847
5689 2869
5690 2428
5691 2528
5692 2190
5693 2715
5694 2322
5695 2370
5696 2714
5697 2521
5698 2578
5699 2920
5700 2797
5701 2577
5702 2648
5703 2617
5704 3058
5705 2667
5706 2501
5707 2333
5708 2576
5709 2886
5710 2653
5711 2682
5712 2272
5713 2666
5714 2273
5715 2692
5716 2654
5717 2848
5718 2269
5719 2465
5720 2607
5721 2641
5722 2664
5723 2617
5724 2319
5725 2614
5726 2531
5727 2699
5728 2532
5729 2586
5730 2639
5731 2621
5732 2672
5733 2675
5734 2924
5735 2326
5736 2819
5737 2867
5738 2332
5739 2045
5740 2738
5741 2140
5742 2674
5743 2730
5744 2767
5745 1137
5746 2647
5747 2129
5748 2783
5749 2795
5750 2510
5751 2547
5752 2176
5753 3149
5754 2646
5755 2455
5756 2884
5757 2834
5758 2722
5759 2916
5760 2557
5761 2588
5762 2415
5763 2574
5764 2612
5765 2773
5766 2524
5767 2661
5768 2536
5769 2557
5770 2831
5771 2431
5772 2626
5773 2786
5774 2531
5775 2433
5776 2859
5777 1508
5778 2548
5779 2790
5780 2603
5781 2705
5782 2522
5783 2756
5784 2500
5785 2556
5786 2260
5787 2708
5788 2145
5789 2881
5790 2384
5791 2802
5792 2640
5793 2811
5794 2719
5795 2588
5796 2717
5797 2564
5798 2417
5799 2610
5800 2922
5801 2977
5802 2657
5803 2633
5804 2653
5805 2538
5806 2644
5807 2424
5808 2845
5809 2688
5810 2613
5811 2658
5812 2607
5813 2831
5814 2457
5815 2551
5816 2451
5817 2180
5818 2421
5819 2625
5820 2656
5821 2846
5822 2386
5823 2667
5824 2394
5825 2475
5826 2554
5827 2451
5828 2866
5829 2458
5830 2334
5831 2481
5832 2766
5833 2294
5834 2841
5835 2621
5836 2279
5837 2655
5838 2645
5839 2541
5840 2341
5841 2725
5842 2428
5843 2818
5844 2639
5845 2854
5846 2687
5847 2524
5848 2762
5849 2771
5850 2345
5851 2633
5852 2285
5853 2457
5854 2175
5855 2647
5856 2647
5857 1583
5858 2725
5859 2862
5860 2863
5861 2763
5862 2448
5863 2526
5864 2740
5865 2827
5866 2192
5867 2447
5868 2517
5869 2580
5870 2829
5871 2669
5872 2492
5873 2573
5874 2508
5875 2331
5876 2387
5877 2794
5878 2430
5879 2826
5880 2544
5881 2680
5882 2354
5883 1340
5884 2487
5885 2542
5886 2543
5887 3053
5888 2681
5889 2569
5890 2425
5891 2460
5892 2497
5893 2547
5894 2572
5895 2979
5896 2867
5897 2783
5898 2700
5899 2683
5900 2528
5901 2539
5902 3076
5903 2734
5904 2698
5905 2610
5906 2963
5907 2645
5908 2551
5909 2797
5910 2520
5911 2541
5912 2693
5913 2754
5914 2395
5915 3003
5916 2765
5917 2451
5918 2435
5919 2357
5920 2633
5921 2496
5922 2603
5923 2793
5924 2561
5925 1364
5926 2784
5927 2518
5928 2494
5929 2532
5930 2109
5931 2219
5932 2703
5933 2396
5934 2500
5935 3266
5936 1105
5937 1581
5938 1367
5939 1367
5940 1559
5941 1208
5942 2756
5943 2204
5944 2339
5945 2611
5946 2344
5947 1157
5948 2812
5949 2453
5950 2663
5951 2575
5952 2626
5953 3112
5954 2411
5955 2720
5956 2778
5957 2711
5958 2556
5959 2463
5960 2677
5961 2507
5962 2935
5963 2311
5964 2537
5965 2512
5966 2444
5967 2652
5968 2824
5969 2665
5970 2670
5971 2273
5972 2376
5973 2640
5974 2244
5975 2875
5976 2526
5977 2606
5978 2293
5979 2315
5980 2462
5981 2687
5982 2381
5983 2472
5984 2207
5985 2597
5986 2569
5987 3027
5988 2522
5989 2602
5990 2625
5991 2302
5992 2710
5993 2499
5994 2538
5995 2438
5996 2755
5997 2533
5998 2476
5999 2534
6000 2589
6001 2337
6002 2417
6003 2719
6004 2393
6005 2632
6006 2566
6007 2976
6008 2542
6009 2998
6010 2636
6011 2433
6012 2376
6013 2371
6014 2906
6015 2446
6016 2751
6017 2589
6018 3206
6019 2675
6020 2955
6021 2494
6022 2457
6023 2883
6024 2381
6025 2544
6026 2773
6027 2762
6028 2499
6029 2955
6030 2502
6031 2516
6032 2412
6033 2791
6034 2572
6035 2500
6036 2605
6037 2379
6038 2740
6039 2292
6040 2218
6041 2824
6042 2557
6043 2755
6044 2559
6045 2844
6046 2267
6047 2747
6048 2704
6049 2756
6050 2315
6051 2500
6052 2872
6053 2338
6054 2625
6055 2321
6056 2391
6057 2754
6058 2717
6059 2431
6060 2135
6061 3033
6062 2636
6063 2597
6064 2397
6065 2427
6066 2400
6067 2213
6068 3130
6069 2745
6070 2717
6071 2764
6072 2882
6073 2550
6074 2733
6075 2561
6076 2877
6077 2537
6078 2585
6079 2417
6080 2523
6081 2681
6082 1518
6083 2819
6084 1399
6085 2637
6086 2541
6087 2478
6088 2482
6089 2614
6090 1333
6091 2711
6092 2523
6093 2681
6094 2418
6095 2496
6096 2663
6097 2506
6098 2552
6099 2308
6100 2342
6101 2061
6102 2469
6103 2468
6104 2855
6105 2614
6106 2644
6107 2555
6108 2655
6109 2572
6110 2931
6111 2746
6112 2703
6113 2175
6114 2531
6115 2893
6116 2456
6117 2562
6118 2487
6119 2502
6120 2304
6121 2888
6122 2659
6123 3003
6124 2466
6125 2956
6126 2733
6127 2641
6128 2773
6129 1709
6130 2159
6131 2459
6132 2606
6133 2348
6134 2626
6135 2180
6136 2230
6137 2750
6138 2383
6139 2512
6140 2961
6141 3002
6142 2706
6143 2697
6144 2584
6145 2499
6146 2653
6147 2541
6148 1995
6149 2382
6150 2881
6151 2195
6152 2767
6153 3147
6154 2627
6155 2541
6156 2933
6157 2590
6158 2773
6159 2594
6160 2604
6161 2492
6162 2486
6163 2342
6164 2829
6165 2616
6166 2178
6167 3059
6168 2689
6169 2676
6170 3050
6171 2604
6172 2741
6173 2675
6174 2676
6175 2628
6176 2345
6177 2367
6178 2546
6179 2792
6180 2740
6181 2830
6182 2447
6183 2976
6184 2706
6185 2322
6186 3036
6187 2731
6188 2548
6189 3006
6190 3128
6191 2116
6192 2433
6193 2183
6194 2417
6195 2264
6196 2362
6197 2110
6198 2299
6199 2620
6200 2741
6201 2718
6202 2269
6203 2518
6204 2563
6205 2424
6206 2379
6207 2694
6208 2879
6209 2400
6210 2720
6211 2375
6212 2524
6213 2786
6214 2475
6215 2433
6216 2512
6217 2778
6218 2710
6219 2703
6220 2594
6221 2316
6222 2886
6223 2758
6224 2552
6225 2716
6226 2424
6227 2720
6228 2618
6229 2583
6230 2553
6231 2857
6232 2512
6233 2158
6234 2612
6235 2691
6236 2861
6237 2797
6238 2513
6239 2714
6240 2326
6241 2507
6242 2522
6243 2868
6244 2521
6245 2835
6246 2549
6247 2376
6248 2816
6249 2699
6250 2770
6251 2795
6252 2588
6253 2724
6254 1422
6255 2740
6256 2956
6257 2876
6258 1595
6259 2503
6260 2674
6261 2637
6262 2731
6263 2612
6264 2733
6265 2419
6266 2478
6267 2514
6268 2635
6269 2900
6270 2488
6271 2489
6272 2839
6273 2408
6274 3031
6275 2757
6276 2444
6277 2596
6278 2234
6279 2600
6280 2699
6281 2604
6282 2552
6283 2972
6284 2490
6285 2825
6286 2714
6287 2506
6288 2773
6289 2434
6290 2323
6291 2485
6292 2505
6293 2546
6294 2672
6295 2511
6296 2419
6297 2396
6298 2196
6299 2421
6300 2331
6301 2456
6302 2974
6303 2590
6304 2711
6305 2753
6306 2313
6307 2662
6308 2602
6309 2543
6310 2892
6311 2441
6312 2570
6313 2776
6314 2933
6315 2378
6316 2533
6317 2706
6318 2542
6319 2312
6320 2528
6321 2719
6322 2494
6323 2758
6324 2735
6325 2771
6326 2663
6327 2141
6328 2674
6329 2395
6330 2279
6331 2802
6332 2519
6333 2569
6334 2347
6335 2880
6336 2637
6337 2449
6338 2592
6339 2412
6340 2320
6341 2922
6342 2729
6343 2729
6344 2656
6345 2633
6346 2687
6347 2451
6348 2599
6349 2840
6350 2752
6351 2291
6352 2309
6353 2683
6354 2611
6355 2708
6356 2571
6357 2476
6358 2499
6359 2643
6360 2584
6361 2599
6362 1578
6363 2534
6364 2531
6365 2206
6366 1492
6367 2620
6368 2503
6369 2801
6370 2276
6371 2630
6372 2712
6373 2844
6374 3127
6375 2520
6376 2644
6377 2585
6378 2525
6379 2597
6380 2333
6381 2539
6382 2655
6383 2719
6384 2419
6385 2477
6386 2627
6387 2332
6388 2301
6389 2774
6390 2916
6391 2649
6392 2784
6393 2787
6394 2411
6395 2739
6396 2401
6397 2521
6398 2490
6399 2582
6400 2914
6401 2798
6402 2499
6403 2612
6404 2691
6405 2637
6406 2895
6407 2254
6408 2582
6409 2745
6410 2601
6411 2463
6412 2652
6413 2573
6414 2570
6415 2350
6416 2466
6417 2623
6418 2401
6419 2528
6420 2541
6421 2976
6422 2445
6423 2610
6424 2510
6425 2208
6426 2806
6427 2501
6428 2272
6429 2783
6430 2764
6431 2851
6432 2432
6433 2550
6434 2862
6435 2677
6436 2632
6437 2711
6438 2985
6439 2771
6440 2495
6441 2407
6442 2402
6443 2365
6444 2467
6445 2735
6446 2699
6447 2613
6448 2505
6449 2372
6450 3004
6451 2441
6452 2727
6453 2674
6454 3171
6455 2472
6456 2414
6457 2657
6458 2600
6459 2647
6460 2761
6461 2699
6462 2474
6463 2575
6464 2496
6465 2910
6466 2371
6467 2596
6468 2511
6469 2625
6470 2072
6471 3043
6472 2683
6473 2317
6474 2022
6475 2645
6476 2615
6477 3315
6478 2471
6479 2794
6480 2486
6481 2515
6482 2394
6483 2743
6484 2606
6485 3070
6486 2647
6487 2266
6488 2497
6489 2442
6490 2937
6491 2629
6492 2798
6493 2522
6494 2595
6495 2754
6496 2712
6497 2553
6498 2585
6499 2441
6500 2591
6501 2565
6502 2694
6503 2176
6504 2537
6505 2686
6506 2660
6507 2857
6508 2504
6509 2687
6510 2781
6511 2271
6512 2608
6513 2353
6514 2508
6515 2690
6516 2568
6517 2630
6518 2642
6519 2774
6520 2262
6521 2083
6522 2362
6523 2423
6524 2619
6525 2450
6526 3142
6527 2777
6528 2832
6529 2479
6530 2718
6531 2514
6532 2663
6533 2897
6534 2962
6535 2611
6536 2556
6537 2593
6538 2810
6539 2856
6540 2299
6541 2566
6542 2625
6543 2847
6544 2220
6545 2525
6546 2679
6547 2777
6548 2719
6549 2818
6550 2395
6551 2392
6552 2839
6553 2612
6554 2484
6555 2656
6556 2577
6557 2213
6558 2383
6559 2471
6560 2600
6561 2606
6562 2808
6563 1358
6564 2363
6565 2576
6566 2345
6567 2761
6568 2846
6569 2710
6570 2760
6571 2581
6572 2432
6573 2429
6574 2345
6575 2876
6576 2621
6577 2862
6578 2654
6579 2720
6580 2360
6581 2152
6582 2487
6583 2496
6584 2412
6585 2800
6586 2431
6587 2572
6588 2495
6589 2781
6590 2908
6591 2789
6592 2696
6593 2300
6594 2430
6595 1635
6596 2444
6597 2679
6598 2698
6599 3122
6600 2800
6601 2386
6602 2633
6603 2263
6604 2649
6605 2687
6606 2577
6607 2929
6608 2167
6609 2557
6610 2223
6611 2652
6612 2515
6613 2760
6614 2558
6615 2866
6616 2617
6617 2459
6618 2650
6619 2555
6620 2472
6621 2593
6622 2771
6623 2241
6624 2304
6625 2740
6626 2386
6627 3137
6628 2265
6629 2515
6630 2353
6631 2351
6632 2311
6633 2641
6634 2589
6635 2890
6636 2717
6637 2417
6638 2589
6639 1063
6640 2630
6641 2421
6642 2842
6643 2222
6644 2459
6645 2711
6646 2570
6647 2370
6648 2664
6649 2366
6650 1532
6651 2603
6652 2691
6653 2665
6654 2764
6655 2761
6656 2301
6657 2654
6658 2341
6659 2657
6660 2438
6661 1172
6662 2383
6663 2876
6664 2556
6665 2605
6666 2716
6667 2402
6668 2551
6669 2391
6670 2576
6671 2842
6672 2317
6673 2591
6674 2591
6675 2631
6676 2425
6677 2761
6678 2434
6679 2524
6680 2529
6681 2901
6682 2460
6683 2832
6684 2737
6685 2562
6686 2511
6687 2445
6688 2746
6689 2867
6690 2894
6691 2940
6692 2770
6693 2886
6694 2552
6695 2705
6696 2640
6697 2632
6698 2807
6699 2219
6700 2429
6701 2804
6702 2724
6703 2752
6704 2600
6705 2864
6706 2435
6707 2320
6708 2675
6709 2570
6710 2482
6711 2430
6712 2966
6713 3013
6714 2728
6715 2621
6716 2318
6717 2453
6718 2647
6719 2425
6720 2343
6721 2229
6722 2355
6723 2362
6724 2772
6725 2494
6726 2302
6727 2531
6728 2428
6729 2348
6730 2841
6731 2562
6732 2354
6733 2543
6734 2751
6735 3091
6736 2810
6737 2360
6738 2396
6739 1440
6740 2840
6741 2604
6742 2660
6743 2765
6744 2409
6745 2695
6746 2641
6747 2360
6748 2680
6749 2438
6750 2607
6751 2421
6752 2436
6753 2674
6754 2771
6755 2964
6756 2496
6757 2438
6758 2599
6759 2644
6760 2674
6761 2639
6762 2449
6763 2693
6764 2594
6765 2488
6766 2382
6767 2504
6768 2571
6769 2722
6770 2462
6771 2826
6772 2904
6773 2511
6774 2545
6775 2902
6776 2792
6777 2602
6778 2665
6779 2727
6780 2776
6781 2533
6782 2611
6783 2646
6784 2367
6785 2850
6786 2671
6787 2745
6788 2524
6789 2575
6790 2460
6791 2753
6792 2695
6793 2201
6794 2439
6795 2967
6796 2642
6797 2318
6798 2719
6799 2903
6800 2871
6801 2525
6802 2607
6803 2839
6804 2483
6805 2438
6806 2573
6807 2359
6808 2439
6809 2363
6810 2480
6811 2353
6812 2823
6813 2384
6814 2800
6815 2668
6816 2680
6817 2666
6818 2655
6819 2396
6820 2737
6821 2494
6822 2423
6823 2710
6824 2604
6825 2402
6826 2493
6827 2227
6828 2462
6829 2127
6830 2816
6831 2802
6832 2936
6833 2648
6834 2669
6835 2474
6836 2313
6837 2500
6838 2542
6839 2662
6840 2658
6841 1494
6842 2602
6843 2575
6844 2611
6845 2560
6846 2965
6847 2685
6848 2408
6849 2447
6850 2324
6851 2479
6852 2416
6853 2909
6854 2718
6855 2514
6856 2239
6857 2459
6858 2505
6859 2372
6860 2390
6861 2493
6862 2618
6863 2699
6864 2752
6865 2648
6866 2225
6867 2735
6868 2506
6869 2860
6870 2639
6871 2926
6872 2664
6873 2862
6874 2575
6875 1114
6876 2548
6877 2963
6878 2949
6879 2596
6880 2532
6881 2420
6882 2256
6883 2552
6884 2643
6885 3008
6886 2417
6887 2707
6888 2819
6889 2861
6890 2948
6891 2732
6892 2238
6893 2639
6894 2658
6895 2666
6896 2626
6897 2478
6898 2761
6899 2728
6900 2805
6901 2868
6902 2182
6903 2520
6904 2760
6905 2093
6906 2575
6907 2561
6908 2528
6909 2531
6910 2773
6911 2532
6912 2676
6913 2538
6914 2478
6915 2550
6916 2367
6917 2082
6918 2671
6919 2610
6920 2490
6921 2805
6922 2623
6923 2544
6924 2275
6925 2433
6926 2882
6927 2782
6928 2176
6929 2522
6930 2772
6931 2483
6932 2769
6933 2590
6934 2395
6935 2576
6936 3102
6937 2600
6938 2817
6939 2509
6940 2742
6941 2551
6942 2413
6943 2697
6944 2751
6945 2257
6946 2328
6947 2506
6948 2484
6949 2202
6950 2756
6951 2866
6952 2533
6953 2483
6954 3038
6955 2462
6956 2348
6957 2557
6958 2269
6959 2661
6960 2539
6961 2361
6962 2592
6963 2494
6964 2499
6965 2842
6966 2483
6967 2683
6968 2829
6969 2237
6970 2116
6971 2731
6972 2780
6973 2786
6974 2853
6975 2588
6976 2860
6977 2661
6978 2883
6979 2012
6980 2478
6981 2879
6982 2529
6983 2509
6984 3031
6985 2850
6986 2276
6987 1401
6988 2470
6989 2066
6990 2620
6991 2522
6992 2323
6993 2937
6994 2517
6995 3097
6996 2571
6997 2447
6998 2320
6999 2639
7000 2888
7001 2437
7002 2807
7003 2455
7004 2545
7005 2096
7006 2865
7007 2681
7008 2758
7009 2456
7010 2618
7011 2909
7012 2588
7013 2246
7014 2932
7015 2643
7016 2568
7017 2263
7018 2890
7019 2720
7020 2519
7021 2649
7022 2628
7023 2360
7024 2283
7025 2436
7026 2927
7027 2749
7028 2424
7029 2152
7030 2561
7031 2363
7032 2617
7033 2120
7034 2745
7035 2423
7036 2534
7037 2603
7038 2889
7039 2934
7040 2745
7041 2254
7042 2813
7043 2273
7044 1555
7045 2473
7046 2640
7047 2595
7048 2774
7049 2389
7050 2414
7051 2418
7052 2593
7053 2508
7054 2360
7055 2117
7056 2474
7057 2703
7058 2582
7059 2716
7060 2687
7061 2715
7062 2696
7063 2772
7064 2537
7065 2194
7066 2604
7067 2687
7068 2455
7069 2767
7070 2628
7071 2293
7072 2608
7073 2676
7074 1575
7075 2462
7076 2919
7077 2342
7078 2734
7079 2298
7080 2570
7081 2380
7082 2255
7083 2648
7084 2766
7085 2516
7086 2394
7087 2519
7088 2958
7089 2177
7090 2513
7091 2545
7092 2565
7093 2816
7094 2751
7095 2622
7096 2547
7097 2701
7098 2738
7099 2639
7100 2507
7101 2934
7102 2545
7103 2577
7104 2415
7105 2672
7106 2446
7107 2404
7108 2555
7109 2798
7110 2565
7111 2319
7112 2466
7113 2848
7114 2131
7115 2570
7116 2703
7117 2811
7118 2341
7119 2430
7120 2212
7121 2491
7122 2631
7123 2800
7124 2595
7125 2497
7126 2579
7127 2362
7128 2147
7129 2610
7130 2024
7131 2475
7132 2786
7133 2459
7134 2775
7135 2573
7136 2545
7137 2531
7138 2727
7139 2437
7140 2865
7141 2631
7142 2782
7143 2710
7144 2398
7145 2651
7146 2523
7147 2765
7148 2451
7149 2433
7150 2904
7151 2451
7152 2783
7153 2740
7154 2453
7155 2449
7156 2468
7157 2630
7158 2546
7159 2734
7160 2611
7161 2485
7162 2713
7163 2269
7164 2481
7165 2230
7166 2773
7167 2702
7168 2711
7169 2764
7170 2524
7171 2764
7172 2264
7173 2581
7174 2632
7175 2936
7176 2925
7177 2460
7178 2763
7179 2596
7180 2520
7181 2572
7182 2596
7183 2736
7184 2464
7185 2476
7186 2433
7187 2963
7188 2851
7189 2440
7190 2810
7191 2639
7192 2755
7193 2296
7194 2343
7195 2610
7196 2864
7197 2626
7198 2220
7199 2449
7200 2586
7201 2634
7202 2495
7203 2301
7204 2603
7205 2702
7206 2807
7207 2729
7208 2725
7209 2545
7210 2331
7211 2590
7212 2598
7213 2688
7214 2614
7215 2607
7216 2529
7217 2639
7218 2796
7219 2771
7220 2809
7221 2671
7222 3009
7223 2520
7224 3168
7225 2483
7226 2341
7227 2974
7228 2404
7229 2594
7230 2695
7231 2859
7232 2779
7233 2691
7234 2631
7235 2231
7236 2790
7237 2537
7238 2323
7239 2397
7240 2558
7241 2663
7242 2731
7243 2752
7244 2659
7245 2699
7246 2928
7247 2452
7248 2263
7249 2601
7250 2645
7251 3068
7252 2439
7253 2770
7254 2775
7255 2804
7256 2224
7257 2911
7258 2615
7259 2395
7260 2522
7261 2635
7262 2688
7263 2684
7264 2497
7265 2493
7266 2548
7267 2584
7268 2596
7269 2744
7270 2579
7271 2340
7272 2636
7273 2685
7274 2665
7275 2756
7276 2744
7277 2529
7278 2488
7279 2510
7280 2447
7281 2638
7282 2652
7283 2359
7284 2545
7285 2276
7286 2558
7287 2529
7288 2834
7289 2587
7290 2576
7291 2600
7292 2766
7293 2780
7294 2664
7295 2190
7296 2513
7297 2678
7298 2652
7299 2842
7300 2955
7301 2375
7302 2697
7303 2300
7304 2823
7305 2502
7306 2497
7307 2652
7308 2672
7309 2742
7310 2432
7311 2749
7312 2448
7313 2397
7314 2769
7315 2412
7316 2425
7317 2540
7318 2613
7319 2600
7320 1076
7321 2616
7322 2428
7323 2924
7324 2730
7325 2296
7326 2243
7327 2570
7328 2630
7329 2239
7330 2252
7331 2732
7332 3204
7333 2564
7334 3105
7335 2756
7336 2266
7337 2214
7338 2531
7339 2293
7340 2645
7341 2499
7342 2671
7343 2307
7344 2803
7345 2500
7346 2632
7347 2872
7348 2827
7349 1161
7350 2444
7351 2578
7352 2390
7353 1421
7354 2600
7355 2577
7356 2579
7357 3294
7358 2335
7359 2682
7360 3025
7361 2644
7362 2506
7363 2664
7364 1216
7365 2419
7366 2742
7367 2505
7368 2580
7369 2412
7370 2707
7371 2119
7372 2776
7373 2591
7374 2606
7375 1248
7376 2650
7377 2181
7378 2994
7379 2874
7380 2561
7381 2831
7382 2578
7383 2510
7384 1592
7385 2154
7386 2394
7387 2684
7388 2550
7389 2422
7390 2987
7391 2303
7392 2755
7393 2560
7394 2298
7395 2621
7396 2676
7397 2738
7398 2943
7399 2436
7400 2873
7401 2573
7402 2845
7403 2409
7404 2475
7405 2622
7406 2504
7407 2447
7408 2871
7409 2273
7410 2772
7411 2583
7412 2570
7413 2716
7414 2396
7415 2451
7416 2579
7417 2775
7418 3008
7419 2652
7420 2372
7421 2365
7422 2455
7423 2344
7424 2637
7425 2861
7426 2605
7427 2607
7428 2556
7429 2934
7430 2303
7431 2589
7432 2461
7433 2544
7434 2802
7435 2422
7436 2364
7437 2674
7438 2937
7439 2352
7440 2741
7441 2590
7442 2556
7443 2250
7444 2549
7445 2487
7446 2307
7447 2373
7448 2373
7449 2763
7450 2319
7451 2351
7452 2764
7453 2536
7454 2627
7455 2539
7456 2327
7457 2682
7458 2695
7459 2484
7460 2485
7461 2864
7462 2647
7463 2945
7464 2952
7465 2471
7466 2846
7467 2604
7468 2305
7469 2474
7470 2801
7471 2700
7472 2529
7473 2823
7474 2617
7475 2599
7476 2348
7477 2820
7478 2572
7479 2663
7480 2828
7481 2839
7482 2520
7483 2858
7484 2470
7485 2495
7486 2867
7487 2580
7488 2605
7489 2697
7490 2507
7491 2582
7492 2805
7493 2422
7494 2618
7495 2361
7496 1268
7497 2716
7498 2873
7499 2655
7500 2947
7501 2817
7502 2526
7503 2542
7504 2691
7505 2872
7506 2460
7507 2544
7508 2683
7509 2446
7510 3185
7511 2584
7512 2250
7513 2574
7514 2641
7515 2657
7516 2688
7517 2342
7518 2449
7519 2655
7520 2629
7521 2779
7522 2824
7523 2105
7524 2438
7525 1311
7526 2609
7527 2546
7528 2725
7529 2566
7530 2700
7531 2429
7532 2455
7533 2568
7534 2903
7535 2551
7536 2435
7537 2479
7538 2763
7539 2909
7540 2690
7541 2723
7542 2582
7543 2422
7544 2916
7545 2202
7546 2427
7547 2285
7548 2577
7549 2509
7550 2451
7551 2799
7552 2660
7553 1280
7554 2572
7555 2415
7556 2290
7557 2007
7558 2612
7559 2857
7560 2441
7561 2547
7562 2536
7563 2406
7564 2220
7565 2585
7566 2384
7567 2540
7568 2459
7569 2561
7570 2832
7571 2236
7572 2613
7573 2651
7574 3040
7575 2515
7576 2689
7577 2745
7578 2683
7579 2764
7580 3030
7581 2816
7582 2658
7583 2496
7584 2745
7585 2598
7586 2414
7587 2236
7588 2581
7589 2474
7590 2513
7591 2547
7592 2715
7593 2753
7594 2281
7595 2888
7596 2284
7597 2565
7598 2869
7599 2708
7600 2624
7601 2610
7602 2533
7603 2473
7604 2667
7605 2451
7606 2666
7607 2361
7608 2521
7609 2395
7610 2602
7611 2719
7612 2469
7613 2372
7614 2556
7615 2515
7616 2630
7617 2319
7618 2475
7619 2977
7620 2717
7621 2503
7622 2658
7623 2523
7624 2842
7625 2442
7626 2502
7627 2702
7628 2589
7629 2443
7630 3025
7631 2422
7632 2741
7633 2554
7634 2617
7635 2326
7636 2614
7637 2539
7638 2451
7639 2265
7640 2658
7641 2564
7642 2406
7643 2518
7644 2768
7645 2825
7646 2283
7647 2408
7648 2611
7649 2194
7650 2535
7651 2667
7652 2373
7653 2505
7654 2727
7655 2693
7656 2256
7657 2549
7658 2445
7659 2624
7660 2649
7661 2626
7662 2416
7663 2965
7664 2262
7665 2356
7666 2625
7667 2535
7668 2470
7669 2752
7670 2847
7671 2430
7672 2654
7673 2450
7674 2603
7675 2456
7676 2339
7677 2560
7678 2436
7679 2499
7680 2502
7681 2175
7682 2738
7683 2417
7684 2661
7685 2323
7686 2887
7687 2521
7688 2889
7689 2766
7690 2791
7691 2936
7692 2732
7693 2299
7694 2649
7695 2525
7696 2548
7697 2496
7698 2672
7699 2539
7700 2632
7701 2384
7702 2941
7703 2284
7704 2643
7705 2738
7706 2426
7707 2719
7708 2592
7709 2754
7710 2446
7711 2629
7712 2856
7713 2976
7714 2548
7715 2665
7716 2602
7717 2756
7718 2529
7719 2561
7720 2383
7721 2945
7722 2702
7723 2038
7724 2481
7725 2629
7726 2673
7727 2340
7728 2628
7729 2712
7730 2592
7731 2530
7732 2584
7733 2942
7734 2630
7735 2524
7736 2204
7737 2853
7738 2577
7739 2408
7740 2311
7741 2183
7742 2687
7743 2809
7744 2542
7745 2759
7746 2565
7747 2666
7748 2767
7749 2568
7750 2849
7751 2387
7752 2625
7753 2784
7754 2777
7755 2602
7756 3286
7757 2620
7758 2602
7759 2484
7760 2886
7761 2526
7762 2430
7763 2563
7764 2509
7765 2175
7766 2786
7767 2646
7768 2250
7769 2482
7770 2753
7771 2851
7772 2632
7773 2764
7774 2502
7775 2337
7776 2916
7777 2075
7778 2786
7779 2274
7780 2098
7781 2678
7782 2445
7783 2361
7784 2827
7785 2848
7786 1293
7787 2538
7788 2659
7789 2548
7790 2462
7791 2638
7792 2744
7793 2149
7794 2308
7795 2369
7796 2237
7797 2944
7798 2456
7799 2755
7800 2624
7801 2788
7802 2558
7803 2607
7804 2695
7805 2532
7806 2394
7807 2489
7808 2621
7809 2631
7810 2639
7811 2487
7812 2537
7813 2487
7814 2522
7815 2304
7816 2618
7817 2466
7818 2612
7819 2580
7820 2653
7821 2478
7822 2858
7823 2518
7824 2610
7825 2159
7826 2277
7827 2434
7828 2276
7829 2568
7830 1196
7831 2673
7832 2496
7833 2515
7834 2458
7835 2719
7836 2670
7837 2323
7838 2767
7839 2281
7840 2590
7841 2649
7842 2796
7843 1995
7844 2137
7845 2691
7846 2479
7847 2731
7848 2601
7849 2481
7850 2624
7851 2492
7852 2617
7853 2258
7854 2772
7855 2927
7856 2370
7857 2803
7858 2584
7859 2604
7860 3003
7861 2324
7862 2276
7863 2748
7864 2809
7865 2650
7866 2410
7867 2737
7868 2803
7869 2492
7870 2502
7871 2562
7872 2735
7873 2534
7874 2724
7875 2536
7876 2546
7877 2571
7878 2600
7879 2708
7880 2325
7881 2676
7882 2426
7883 2237
7884 2685
7885 2551
7886 2554
7887 2533
7888 2831
7889 2478
7890 2896
7891 2953
7892 2644
7893 1314
7894 2453
7895 2867
7896 2686
7897 2400
7898 2545
7899 3118
7900 2634
7901 2376
7902 2832
7903 2682
7904 2723
7905 2627
7906 2627
7907 2751
7908 2595
7909 2822
7910 2697
7911 2359
7912 2507
7913 2452
7914 2370
7915 2686
7916 2982
7917 2434
7918 2647
7919 2392
7920 2753
7921 2524
7922 2779
7923 2781
7924 2548
7925 2920
7926 2563
7927 2363
7928 2263
7929 2605
7930 2358
7931 2663
7932 2330
7933 2494
7934 2604
7935 2732
7936 2581
7937 2923
7938 2658
7939 2881
7940 2711
7941 2322
7942 2470
7943 2787
7944 2427
7945 2591
7946 2555
7947 2802
7948 2525
7949 2690
7950 2551
7951 2516
7952 2891
7953 2827
7954 2314
7955 2621
7956 2506
7957 2612
7958 2517
7959 2429
7960 2756
7961 2433
7962 2739
7963 2636
7964 2548
7965 2564
7966 2508
7967 2231
7968 2650
7969 2443
7970 2229
7971 2141
7972 2270
7973 2532
7974 2550
7975 2379
7976 2768
7977 2536
7978 2441
7979 2690
7980 2848
7981 2884
7982 2414
7983 2436
7984 2116
7985 2469
7986 2303
7987 2666
7988 2805
7989 2568
7990 2649
7991 2450
7992 2673
7993 2726
7994 2530
7995 2269
7996 2186
7997 2773
7998 2830
7999 2498
8000 2412
8001 2718
8002 2972
8003 2372
8004 2472
8005 1218
8006 1211
8007 2375
8008 2819
8009 2180
8010 2523
8011 2533
8012 2658
8013 2308
8014 2597
8015 2724
8016 2629
8017 2749
8018 2741
8019 2190
8020 2693
8021 2592
8022 3011
8023 2733
8024 2608
8025 2370
8026 2815
8027 2472
8028 2361
8029 2425
8030 2490
8031 2825
8032 1295
8033 2575
8034 2605
8035 2785
8036 2926
8037 2555
8038 2660
8039 2392
8040 2939
8041 2957
8042 2513
8043 2457
8044 2665
8045 2293
8046 2312
8047 2719
8048 2703
8049 2415
8050 2741
8051 2944
8052 2315
8053 2715
8054 2691
8055 2759
8056 2476
8057 2525
8058 2767
8059 2329
8060 2206
8061 2792
8062 2425
8063 2845
8064 2531
8065 2673
8066 3022
8067 1141
8068 2529
8069 2675
8070 2663
8071 2438
8072 2636
8073 2530
8074 2646
8075 2702
8076 2733
8077 2610
8078 1520
8079 2493
8080 2656
8081 2471
8082 2628
8083 2240
8084 2482
8085 2464
8086 2385
8087 2736
8088 2372
8089 1345
8090 2686
8091 2972
8092 2722
8093 2610
8094 2722
8095 1216
8096 2802
8097 2493
8098 2595
8099 2748
8100 2609
8101 2841
8102 2209
8103 2488
8104 2218
8105 2762
8106 2655
8107 2962
8108 2711
8109 2817
8110 2769
8111 2922
8112 2548
8113 2268
8114 2492
8115 2976
8116 2629
8117 2597
8118 2424
8119 2986
8120 2694
8121 2737
8122 2501
8123 2604
8124 2821
8125 2773
8126 2518
8127 2613
8128 2698
8129 2658
8130 3074
8131 2516
8132 2815
8133 2633
8134 2551
8135 2644
8136 2756
8137 2844
8138 2852
8139 2633
8140 2614
8141 2674
8142 2613
8143 2505
8144 2247
8145 2766
8146 2730
8147 2764
8148 2574
8149 2513
8150 2472
8151 2478
8152 2494
8153 2744
8154 2453
8155 2308
8156 2529
8157 2314
8158 2438
8159 2558
8160 2906
8161 2371
8162 2477
8163 2420
8164 3130
8165 2574
8166 2900
8167 2895
8168 2580
8169 2135
8170 2720
8171 2642
8172 2978
8173 2685
8174 2646
8175 2291
8176 2804
8177 2454
8178 2598
8179 2691
8180 2813
8181 2750
8182 2695
8183 2735
8184 2585
8185 2570
8186 2892
8187 2233
8188 2700
8189 2401
8190 2920
8191 2736
8192 2508
8193 2916
8194 2748
8195 2761
8196 2736
8197 2584
8198 2652
8199 2573
8200 2667
8201 2643
8202 2551
8203 2677
8204 2579
8205 2917
8206 2898
8207 1395
8208 1234
8209 1432
8210 1356
8211 1739
8212 1221
8213 1437
8214 3056
8215 2675
8216 2382
8217 2669
8218 2899
8219 2683
8220 2579
8221 2786
8222 2536
8223 2458
8224 2837
8225 2635
8226 2452
8227 2426
8228 2614
8229 2812
8230 2700
8231 2780
8232 2691
8233 2613
8234 3031
8235 2131
8236 2824
8237 2349
8238 2403
8239 2990
8240 2755
8241 2505
8242 2449
8243 2519
8244 2683
8245 2515
8246 3022
8247 2595
8248 3021
8249 2226
8250 2650
8251 2677
8252 2703
8253 2523
8254 2662
8255 2812
8256 2588
8257 2730
8258 2783
8259 2770
8260 2678
8261 2470
8262 2165
8263 2854
8264 2525
8265 1182
8266 2614
8267 2318
8268 2931
8269 2757
8270 2552
8271 2382
8272 2931
8273 2519
8274 2494
8275 2408
8276 2371
8277 2541
8278 3033
8279 2596
8280 2455
8281 2471
8282 2612
8283 2434
8284 2673
8285 2499
8286 2678
8287 2490
8288 2454
8289 2431
8290 2843
8291 2661
8292 2405
8293 2805
8294 2793
8295 2876
8296 2303
8297 2634
8298 2496
8299 2545
8300 2557
8301 2883
8302 2700
8303 2641
8304 2672
8305 2550
8306 1501
8307 1438
8308 1463
8309 1259
8310 1415
8311 1690
8312 2577
8313 2543
8314 2257
8315 2465
8316 2887
8317 2349
8318 2570
8319 2551
8320 2356
8321 2386
8322 2846
8323 2863
8324 2518
8325 2076
8326 2715
8327 2548
8328 2595
8329 2804
8330 2735
8331 2965
8332 2404
8333 2668
8334 2286
8335 2624
8336 2444
8337 2435
8338 2638
8339 2303
8340 2444
8341 2469
8342 2324
8343 2796
8344 2604
8345 2576
8346 2739
8347 2454
8348 2410
8349 2399
8350 2660
8351 2330
8352 2407
8353 2408
8354 2602
8355 2252
8356 2497
8357 2412
8358 2583
8359 2681
8360 2546
8361 2338
8362 2402
8363 2646
8364 2571
8365 2860
8366 2603
8367 2396
8368 2267
8369 2243
8370 2655
8371 2420
8372 2546
8373 2588
8374 2372
8375 2195
8376 2706
8377 2381
8378 2676
8379 2268
8380 2603
8381 2764
8382 2634
8383 2631
8384 2317
8385 2406
8386 2458
8387 2631
8388 3058
8389 2680
8390 2475
8391 2662
8392 2448
8393 2490
8394 2501
8395 2606
8396 2772
8397 2589
8398 2159
8399 2823
8400 2526
8401 2388
8402 1359
8403 2271
8404 2357
8405 2752
8406 2531
8407 2633
8408 2893
8409 3001
8410 3149
8411 2401
8412 2488
8413 2942
8414 2846
8415 2381
8416 2564
8417 2321
8418 2628
8419 2327
8420 2403
8421 2617
8422 2176
8423 2501
8424 2323
8425 2461
8426 2634
8427 2643
8428 2603
8429 2802
8430 2518
8431 2531
8432 2083
8433 2713
8434 2421
8435 2925
8436 2464
8437 2411
8438 2487
8439 2628
8440 2316
8441 2519
8442 2530
8443 2628
8444 2399
8445 2532
8446 2703
8447 2683
8448 2918
8449 2450
8450 2839
8451 2082
8452 2504
8453 2519
8454 2708
8455 2652
8456 2086
8457 2216
8458 2469
8459 2669
8460 2949
8461 2394
8462 2760
8463 2998
8464 2994
8465 2309
8466 2366
8467 2565
8468 2924
8469 2324
8470 2457
8471 2623
8472 2761
8473 2827
8474 2582
8475 2595
8476 2706
8477 2846
8478 2973
8479 2541
8480 2523
8481 2631
8482 2698
8483 2517
8484 2665
8485 2586
8486 2963
8487 2835
8488 2477
8489 2607
8490 2701
8491 2343
8492 2648
8493 2632
8494 2722
8495 3028
8496 2520
8497 2717
8498 2725
8499 2509
8500 2389
8501 2431
8502 2700
8503 2848
8504 2363
8505 2253
8506 2665
8507 2386
8508 2713
8509 2660
8510 2781
8511 1719
8512 2281
8513 2591
8514 1434
8515 2730
8516 2362
8517 2677
8518 2468
8519 2521
8520 2396
8521 2836
8522 2711
8523 2717
8524 2756
8525 2495
8526 2792
8527 2483
8528 2733
8529 2651
8530 2455
8531 2294
8532 2487
8533 2719
8534 2933
8535 2600
8536 2502
8537 2678
8538 2891
8539 2265
8540 2762
8541 2622
8542 2802
8543 2675
8544 2440
8545 2541
8546 2546
8547 2818
8548 2328
8549 2728
8550 2225
8551 2522
8552 2427
8553 2524
8554 2313
8555 2479
8556 2493
8557 3075
8558 2419
8559 2728
8560 2478
8561 2753
8562 2268
8563 2982
8564 2369
8565 3030
8566 2631
8567 2358
8568 2745
8569 2661
8570 2544
8571 2691
8572 2580
8573 2478
8574 2416
8575 2594
8576 2793
8577 2885
8578 2909
8579 2601
8580 2460
8581 2864
8582 2542
8583 2506
8584 2693
8585 2393
8586 2284
8587 2682
8588 2716
8589 2627
8590 2604
8591 2349
8592 2746
8593 2460
8594 2837
8595 2607
8596 2547
8597 2390
8598 2803
8599 2749
8600 2226
8601 2620
8602 2434
8603 2602
8604 2580
8605 2599
8606 2429
8607 2569
8608 2369
8609 2412
8610 2729
8611 2419
8612 2237
8613 2650
8614 2813
8615 2706
8616 2938
8617 2419
8618 2784
8619 2480
8620 2668
8621 2462
8622 2452
8623 2649
8624 2491
8625 2726
8626 2535
8627 2991
8628 2504
8629 2419
8630 2455
8631 2879
8632 2487
8633 2552
8634 2555
8635 2521
8636 2648
8637 2232
8638 2536
8639 2707
8640 2490
8641 2328
8642 2621
8643 2500
8644 2355
8645 2516
8646 2861
8647 2828
8648 2490
8649 2601
8650 2785
8651 2655
8652 2776
8653 2793
8654 2686
8655 2723
8656 2749
8657 2508
8658 2354
8659 2487
8660 3179
8661 2315
8662 2544
8663 2887
8664 2490
8665 2477
8666 2222
8667 2677
8668 2349
8669 2802
8670 2600
8671 2751
8672 2531
8673 2478
8674 2755
8675 2739
8676 2140
8677 2582
8678 2758
8679 2289
8680 2766
8681 2590
8682 2721
8683 2542
8684 2448
8685 2417
8686 2577
8687 2685
8688 2583
8689 2750
8690 2712
8691 2486
8692 2319
8693 2565
8694 2580
8695 2182
8696 2593
8697 2859
8698 2093
8699 2461
8700 2234
8701 2791
8702 2539
8703 2703
8704 2201
8705 2549
8706 2736
8707 2420
8708 2485
8709 2447
8710 2608
8711 2788
8712 2776
8713 2863
8714 2840
8715 2942
8716 2884
8717 2459
8718 2805
8719 2319
8720 2750
8721 2399
8722 2506
8723 2730
8724 2670
8725 2717
8726 2445
8727 2524
8728 2594
8729 2581
8730 3013
8731 2500
8732 2336
8733 2734
8734 2297
8735 2360
8736 2579
8737 2559
8738 2397
8739 2571
8740 2485
8741 2596
8742 2400
8743 2403
8744 1679
8745 2742
8746 2474
8747 2640
8748 2212
8749 2675
8750 2282
8751 2438
8752 2708
8753 2769
8754 2757
8755 2535
8756 2642
8757 2279
8758 3008
8759 2907
8760 2611
8761 2409
8762 2489
8763 2116
8764 2526
8765 2501
8766 2255
8767 2930
8768 2734
8769 2631
8770 2583
8771 2847
8772 2347
8773 2462
8774 2669
8775 2529
8776 2053
8777 2466
8778 2880
8779 2723
8780 2512
8781 1520
8782 2653
8783 2576
8784 2737
8785 2388
8786 2518
8787 2517
8788 2733
8789 2836
8790 2414
8791 2527
8792 1250
8793 2403
8794 2338
8795 2435
8796 2592
8797 2342
8798 2162
8799 2826
8800 2980
8801 2446
8802 2537
8803 1141
8804 2762
8805 2799
8806 2554
8807 2820
8808 2493
8809 2804
8810 2315
8811 2969
8812 2759
8813 2683
8814 2605
8815 2803
8816 2259
8817 2418
8818 2678
8819 2638
8820 2390
8821 2665
8822 2152
8823 2752
8824 3010
8825 2647
8826 2601
8827 2430
8828 2175
8829 2791
8830 2558
8831 2649
8832 2531
8833 2874
8834 2696
8835 2686
8836 2273
8837 2824
8838 2244
8839 2800
8840 2453
8841 2553
8842 2515
8843 2275
8844 2467
8845 2459
8846 2703
8847 3017
8848 2238
8849 2873
8850 2861
8851 2664
8852 3071
8853 2482
8854 2341
8855 2364
8856 2211
8857 2498
8858 2521
8859 2512
8860 2458
8861 2522
8862 2701
8863 3053
8864 2309
8865 2776
8866 2489
8867 2511
8868 2296
8869 2526
8870 2697
8871 2863
8872 2393
8873 2558
8874 2470
8875 2255
8876 2927
8877 2623
8878 2630
8879 2741
8880 2477
8881 2637
8882 2545
8883 2318
8884 2763
8885 2435
8886 2428
8887 2529
8888 2306
8889 2850
8890 2811
8891 2932
8892 2336
8893 2561
8894 2657
8895 2651
8896 2725
8897 2366
8898 2823
8899 2344
8900 2477
8901 2451
8902 2652
8903 2827
8904 2546
8905 2353
8906 2396
8907 2718
8908 2670
8909 2530
8910 2532
8911 1471
8912 2598
8913 2745
8914 2126
8915 2553
8916 2679
8917 2873
8918 2469
8919 2631
8920 2076
8921 2775
8922 2716
8923 2398
8924 2766
8925 2459
8926 2544
8927 2688
8928 2263
8929 2545
8930 2468
8931 2736
8932 2650
8933 2254
8934 2612
8935 2445
8936 2776
8937 2872
8938 2924
8939 2380
8940 2841
8941 2458
8942 2628
8943 2472
8944 2120
8945 2645
8946 2296
8947 2316
8948 2565
8949 2863
8950 2853
8951 2586
8952 2481
8953 2631
8954 2327
8955 2516
8956 2647
8957 2686
8958 2533
8959 3043
8960 2494
8961 2697
8962 2454
8963 2672
8964 2409
8965 2264
8966 2340
8967 2611
8968 2491
8969 2407
8970 2521
8971 2603
8972 2365
8973 2412
8974 2680
8975 2447
8976 2194
8977 2648
8978 2422
8979 2593
8980 2839
8981 2410
8982 2377
8983 2862
8984 2469
8985 2669
8986 2448
8987 2989
8988 2638
8989 2820
8990 3019
8991 2411
8992 2605
8993 2987
8994 2636
8995 2630
8996 2301
8997 2374
8998 2867
8999 2642
9000 2710
9001 2313
9002 2572
9003 2717
9004 2813
9005 2693
9006 2688
9007 2742
9008 2621
9009 2600
9010 2491
9011 2612
9012 2256
9013 2384
9014 2561
9015 2319
9016 2656
9017 2932
9018 2535
9019 2605
9020 2525
9021 2562
9022 2820
9023 1205
9024 2390
9025 2708
9026 2975
9027 2729
9028 2988
9029 2418
9030 2868
9031 2212
9032 2765
9033 2851
9034 2293
9035 2458
9036 2793
9037 2612
9038 2576
9039 2147
9040 2426
9041 2243
9042 2676
9043 2792
9044 2281
9045 2620
9046 2523
9047 2499
9048 2773
9049 2852
9050 2560
9051 2565
9052 2290
9053 2552
9054 2621
9055 2720
9056 2986
9057 2832
9058 2468
9059 2617
9060 2433
9061 2747
9062 2350
9063 2886
9064 2740
9065 2633
9066 2119
9067 2799
9068 2772
9069 2710
9070 2150
9071 2706
9072 2808
9073 2715
9074 2434
9075 2629
9076 2968
9077 2641
9078 2824
9079 2488
9080 2454
9081 2545
9082 2851
9083 2408
9084 2454
9085 2858
9086 2904
9087 2408
9088 2873
9089 2556
9090 2955
9091 2268
9092 2592
9093 3085
9094 2580
9095 2736
9096 2785
9097 1233
9098 2835
9099 2475
9100 2635
9101 2660
9102 2652
9103 2771
9104 2597
9105 2766
9106 2511
9107 2754
9108 2450
9109 2396
9110 2694
9111 2505
9112 2450
9113 2527
9114 2914
9115 2357
9116 2572
9117 2346
9118 2494
9119 2617
9120 2585
9121 2711
9122 2474
9123 2367
9124 2782
9125 2473
9126 2589
9127 2710
9128 2571
9129 2942
9130 2797
9131 2837
9132 2352
9133 2566
9134 2432
9135 2901
9136 2307
9137 2814
9138 2551
9139 2601
9140 2610
9141 2731
9142 2905
9143 3022
9144 2798
9145 2679
9146 2543
9147 2795
9148 2537
9149 2455
9150 2578
9151 2391
9152 2617
9153 2427
9154 2427
9155 2685
9156 2605
9157 2837
9158 2544
9159 2263
9160 2453
9161 2775
9162 1413
9163 2760
9164 2364
9165 2737
9166 3086
9167 2698
9168 2567
9169 2499
9170 2444
9171 2522
9172 2530
9173 2224
9174 2459
9175 2218
9176 2510
9177 2560
9178 2887
9179 2593
9180 2592
9181 2303
9182 2637
9183 2481
9184 2544
9185 2700
9186 2560
9187 2795
9188 3169
9189 2513
9190 2801
9191 2401
9192 2757
9193 3075
9194 2601
9195 2768
9196 2385
9197 2570
9198 2421
9199 2731
9200 2871
9201 2521
9202 2295
9203 2520
9204 2603
9205 2549
9206 2516
9207 2250
9208 2953
9209 3198
9210 2725
9211 2763
9212 2721
9213 2394
9214 2300
9215 2486
9216 2344
9217 2860
9218 2360
9219 2709
9220 2435
9221 2584
9222 2534
9223 1006
9224 2391
9225 2624
9226 3064
9227 2568
9228 2709
9229 2680
9230 2371
9231 2329
9232 2636
9233 2140
9234 2683
9235 2452
9236 2250
9237 2422
9238 2558
9239 2609
9240 2641
9241 2315
9242 2481
9243 2624
9244 2510
9245 2629
9246 3082
9247 2792
9248 2512
9249 2327
9250 2728
9251 2367
9252 2187
9253 2375
9254 2670
9255 2523
9256 2449
9257 2954
9258 2736
9259 2265
9260 1459
9261 2663
9262 2468
9263 2707
9264 2662
9265 2431
9266 2639
9267 2645
9268 2677
9269 2463
9270 2575
9271 2910
9272 2807
9273 1162
9274 2765
9275 2388
9276 2691
9277 2383
9278 2797
9279 2703
9280 2983
9281 2568
9282 2308
9283 2812
9284 2432
9285 2635
9286 2797
9287 2447
9288 2554
9289 2532
9290 2968
9291 2705
9292 2618
9293 2819
9294 2581
9295 2925
9296 2656
9297 2549
9298 2825
9299 2324
9300 2417
9301 2704
9302 2536
9303 2969
9304 2875
9305 2434
9306 2284
9307 2599
9308 2714
9309 2399
9310 2362
9311 2447
9312 2814
9313 2295
9314 2606
9315 2571
9316 2105
9317 2574
9318 2484
9319 2592
9320 2379
9321 2676
9322 2513
9323 2589
9324 2417
9325 2809
9326 2495
9327 2344
9328 2756
9329 2954
9330 2630
9331 2677
9332 2474
9333 2845
9334 2487
9335 2621
9336 2795
9337 2365
9338 2802
9339 2764
9340 2520
9341 2569
9342 2621
9343 2851
9344 2517
9345 2334
9346 2373
9347 2417
9348 2631
9349 2714
9350 2723
9351 2594
9352 2678
9353 2441
9354 2632
9355 2774
9356 2487
9357 2220
9358 1235
9359 2660
9360 2461
9361 2779
9362 3184
9363 2102
9364 2408
9365 2820
9366 2644
9367 2778
9368 2634
9369 2646
9370 2785
9371 2398
9372 2483
9373 2656
9374 2328
9375 2677
9376 2738
9377 2773
9378 2623
9379 2687
9380 2086
9381 2802
9382 2474
9383 2305
9384 2643
9385 2568
9386 2686
9387 2348
9388 2863
9389 2806
9390 2229
9391 2632
9392 2731
9393 2550
9394 2547
9395 2496
9396 2503
9397 2486
9398 2818
9399 2800
9400 2682
9401 2408
9402 2659
9403 3130
9404 2752
9405 2469
9406 2422
9407 2492
9408 2709
9409 2741
9410 2824
9411 3114
9412 2740
9413 2600
9414 2537
9415 2939
9416 2232
9417 2964
9418 2753
9419 2470
9420 1311
9421 2842
9422 2482
9423 2683
9424 2723
9425 2484
9426 2131
9427 2618
9428 2785
9429 2724
9430 2733
9431 2466
9432 2379
9433 2568
9434 2686
9435 2767
9436 2428
9437 2583
9438 2650
9439 2824
9440 2772
9441 2661
9442 2748
9443 2708
9444 2669
9445 2778
9446 2713
9447 2411
9448 2579
9449 2028
9450 2495
9451 2681
9452 2476
9453 2776
9454 2606
9455 2561
9456 1578
9457 2443
9458 2115
9459 2449
9460 2734
9461 2776
9462 2435
9463 2479
9464 2881
9465 2156
9466 2746
9467 2422
9468 2383
9469 2339
9470 2884
9471 2545
9472 2209
9473 2523
9474 2175
9475 2420
9476 2632
9477 2384
9478 2940
9479 2615
9480 3079
9481 2703
9482 2830
9483 2491
9484 2575
9485 2593
9486 2282
9487 2716
9488 2580
9489 2835
9490 2111
9491 2807
9492 2713
9493 2941
9494 2605
9495 1751
9496 2467
9497 2398
9498 2867
9499 3113
9500 2423
9501 2661
9502 2489
9503 2744
9504 3084
9505 2684
9506 1510
9507 2576
9508 2634
9509 2912
9510 3038
9511 2851
9512 2790
9513 2622
9514 2628
9515 2481
9516 2712
9517 1461
9518 2203
9519 2178
9520 2342
9521 2933
9522 2640
9523 2237
9524 2619
9525 2350
9526 2645
9527 2734
9528 2319
9529 2923
9530 2501
9531 2733
9532 1244
9533 2731
9534 2183
9535 2920
9536 2493
9537 2754
9538 2436
9539 2946
9540 2476
9541 3117
9542 2619
9543 2624
9544 2498
9545 2803
9546 2521
9547 2872
9548 2248
9549 2763
9550 2265
9551 2623
9552 2620
9553 2649
9554 1389
9555 2877
9556 2843
9557 2786
9558 2510
9559 2603
9560 2511
9561 2374
9562 2667
9563 2482
9564 3026
9565 2992
9566 2632
9567 2688
9568 2714
9569 2959
9570 2600
9571 2510
9572 2207
9573 2234
9574 2468
9575 2262
9576 2551
9577 2426
9578 1511
9579 2516
9580 2408
9581 2338
9582 2707
9583 2853
9584 2745
9585 2642
9586 2947
9587 2919
9588 2654
9589 2123
9590 2434
9591 2692
9592 2518
9593 2453
9594 2699
9595 2408
9596 2208
9597 2726
9598 2608
9599 2787
9600 2514
9601 2645
9602 2794
9603 2885
9604 2700
9605 2582
9606 2872
9607 2701
9608 2196
9609 2303
9610 2448
9611 2367
9612 2631
9613 2724
9614 2284
9615 2925
9616 2555
9617 2610
9618 2734
9619 2592
9620 2293
9621 2429
9622 2521
9623 2174
9624 2837
9625 2623
9626 3011
9627 2527
9628 2429
9629 2712
9630 2323
9631 2785
9632 2880
9633 2572
9634 2497
9635 2465
9636 2436
9637 2610
9638 2573
9639 2731
9640 2953
9641 2763
9642 2481
9643 2625
9644 2704
9645 2519
9646 2329
9647 2545
9648 2491
9649 2624
9650 2465
9651 2489
9652 1220
9653 2829
9654 2646
9655 2666
9656 2441
9657 2417
9658 2430
9659 2697
9660 2825
9661 2506
9662 2387
9663 2315
9664 2801
9665 2430
9666 2869
9667 2586
9668 2359
9669 2411
9670 2662
9671 2670
9672 2831
9673 2469
9674 2753
9675 2785
9676 3047
9677 2387
9678 2612
9679 2536
9680 2482
9681 2886
9682 2624
9683 2585
9684 2522
9685 2516
9686 2754
9687 2703
9688 2627
9689 2821
9690 2331
9691 2521
9692 2918
9693 2712
9694 2361
9695 2538
9696 2403
9697 2999
9698 2565
9699 2493
9700 2278
9701 2462
9702 1385
9703 2879
9704 2132
9705 2638
9706 2452
9707 2479
9708 2462
9709 2487
9710 2872
9711 2504
9712 2875
9713 2478
9714 2639
9715 2474
9716 2772
9717 2572
9718 2916
9719 2607
9720 2354
9721 2563
9722 2417
9723 2520
9724 2273
9725 2572
9726 2810
9727 2275
9728 2575
9729 2808
9730 2964
9731 2889
9732 2493
9733 2589
9734 2217
9735 2656
9736 2591
9737 2162
9738 2386
9739 2276
9740 2612
9741 2707
9742 2775
9743 2650
9744 2861
9745 2659
9746 2573
9747 2314
9748 2583
9749 2395
9750 1599
9751 2524
9752 2519
9753 2460
9754 1594
9755 2614
9756 2439
9757 2540
9758 2581
9759 2322
9760 2525
9761 2576
9762 2494
9763 2971
9764 2436
9765 2779
9766 2345
9767 2716
9768 2379
9769 2814
9770 2469
9771 2583
9772 2336
9773 2633
9774 2745
9775 2805
9776 2360
9777 2528
9778 2240
9779 2477
9780 2464
9781 2232
9782 2562
9783 2668
9784 2475
9785 2595
9786 2718
9787 2983
9788 2619
9789 2554
9790 2519
9791 2526
9792 2489
9793 2596
9794 2672
9795 2623
9796 2719
9797 2897
9798 2611
9799 2640
9800 2478
9801 2565
9802 2543
9803 2698
9804 2045
9805 2486
9806 2454
9807 2622
9808 2962
9809 2492
9810 2783
9811 2741
9812 2751
9813 2745
9814 2780
9815 2510
9816 2863
9817 2333
9818 2620
9819 2669
9820 2808
9821 2400
9822 2973
9823 2560
9824 2498
9825 2345
9826 2427
9827 2930
9828 3117
9829 2834
9830 2803
9831 2550
9832 2477
9833 2836
9834 2615
9835 2538
9836 2615
9837 2356
9838 2599
9839 2609
9840 2562
9841 2585
9842 2915
9843 2554
9844 2849
9845 2678
9846 2416
9847 2691
9848 1280
9849 2747
9850 2728
9851 2762
9852 2340
9853 2145
9854 2635
9855 2331
9856 2581
9857 2548
9858 2697
9859 2762
9860 2460
9861 2655
9862 2934
9863 2584
9864 3023
9865 2549
9866 2593
9867 2691
9868 2908
9869 2366
9870 2284
9871 2628
9872 2733
9873 2609
9874 2491
9875 2722
9876 2525
9877 2746
9878 2604
9879 2593
9880 2564
9881 2649
9882 2150
9883 2944
9884 2885
9885 2647
9886 2565
9887 2364
9888 2500
9889 2898
9890 2427
9891 2797
9892 2238
9893 3118
9894 2580
9895 2676
9896 2631
9897 2818
9898 2294
9899 2841
9900 2767
9901 2759
9902 2284
9903 3041
9904 2629
9905 2627
9906 2952
9907 2652
9908 2757
9909 2960
9910 2724
9911 2382
9912 2696
9913 3028
9914 2982
9915 2622
9916 2571
9917 2874
9918 2669
9919 2435
9920 2180
9921 2346
9922 2426
9923 2699
9924 2308
9925 2612
9926 2870
9927 2667
9928 2881
9929 2691
9930 2490
9931 2864
9932 2364
9933 2718
9934 2577
9935 1576
9936 2539
9937 2521
9938 2702
9939 2384
9940 2406
9941 2490
9942 2761
9943 2616
9944 2551
9945 2598
9946 1460
9947 2308
9948 2496
9949 2534
9950 2669
9951 2923
9952 2549
9953 2533
9954 2691
9955 2292
9956 2218
9957 2648
9958 2730
9959 2913
9960 2627
9961 2814
9962 2432
9963 2751
9964 3054
9965 2768
9966 2662
9967 3110
9968 2705
9969 2665
9970 2598
9971 2823
9972 2799
9973 2519
9974 2655
9975 2657
9976 2510
9977 2529
9978 2706
9979 2429
9980 2731
9981 2506
9982 2821
9983 2428
9984 2431
9985 2275
9986 2767
9987 2673
9988 3002
9989 2782
9990 2330
9991 2745
9992 2982
9993 2496
9994 2403
9995 2713
9996 2257
9997 2586
9998 2656
9999 2457
